0	12	2	0	78	25	0	0	59	30	0	1	143	45	0	0	143	74	0	0	3	1	0	0	53	11	0	0	0	0	0	0	21	97	5	7	65	7	0	0	60	8	1	9	143	27	0	1	143	29	0	0	14	1	0	2	93	4	0	0	0	0	0	1	40	121	25	25	26	13	2	0	50	10	16	68	143	1	2	26	143	3	0	1	9	0	0	56	94	1	0	0	0	0	0	7	4	22	18	7	1	74	44	3	16	2	12	21	7	5	53	103	116	0	0	0	0	0	3	112	54	0	0	0	0	0	0	12	
0	0	3	93	45	0	0	0	0	14	68	80	10	3	4	1	0	61	60	5	9	44	20	3	2	47	18	3	45	64	4	0	4	0	2	85	126	4	0	1	54	7	33	71	27	14	33	58	11	82	47	2	15	107	36	16	28	77	12	2	30	62	7	1	10	2	0	6	126	42	0	0	126	32	0	3	53	19	8	25	56	13	0	0	18	126	20	13	28	64	3	0	5	121	28	2	2	1	0	0	126	72	0	0	126	73	0	0	65	36	0	0	87	53	0	0	0	33	9	2	1	4	1	0	0	106	38	0	
70	19	1	19	51	5	0	2	122	42	2	15	41	2	0	3	63	17	2	51	34	0	0	1	24	0	1	109	88	0	0	14	57	5	1	18	73	20	4	38	122	22	10	21	48	9	0	20	60	13	16	122	48	0	0	6	58	0	0	94	52	0	0	105	56	18	2	0	62	56	4	18	45	50	39	16	48	73	24	3	10	14	43	122	10	3	35	87	59	0	0	17	4	0	3	122	18	13	1	0	7	42	35	8	2	2	2	0	7	56	105	15	2	0	2	2	0	4	109	122	16	0	0	0	0	0	6	122	
0	0	1	3	0	0	0	0	0	3	28	11	0	0	0	0	0	13	18	1	0	0	0	0	0	1	0	0	1	0	0	0	0	0	5	88	24	0	0	0	13	43	132	132	32	1	0	1	107	132	87	10	1	0	0	4	16	9	0	0	1	0	0	1	0	0	1	110	132	1	0	0	70	18	20	109	132	27	1	9	132	93	14	3	7	6	1	30	30	14	26	27	0	0	0	3	0	1	3	22	132	46	0	0	18	49	21	19	81	49	4	1	76	132	58	0	2	12	6	2	3	37	132	58	0	0	1	3	
13	54	78	15	2	7	9	5	21	90	44	16	33	3	0	0	114	143	11	5	6	0	0	0	27	17	0	0	0	0	0	0	31	25	3	3	92	37	24	29	72	47	9	55	65	4	1	7	143	55	2	17	15	0	0	18	84	8	0	0	0	0	0	4	23	2	0	1	143	48	4	22	73	9	1	10	93	32	3	24	143	48	0	2	18	6	0	24	76	17	0	0	0	0	0	4	5	6	1	1	109	60	0	1	17	35	12	5	62	27	0	1	143	139	1	0	14	12	1	1	48	117	0	0	0	0	0	0	
8	1	1	17	74	1	0	2	168	6	2	7	4	0	0	26	168	0	0	0	0	0	0	22	1	0	0	0	3	1	2	1	14	1	1	16	87	1	1	1	168	3	0	4	10	0	0	31	168	1	0	0	0	0	0	13	2	0	0	0	7	2	1	1	15	3	1	11	85	7	0	0	168	31	1	5	10	0	0	3	168	16	0	0	0	0	0	1	3	0	0	0	7	1	0	0	7	2	0	3	82	10	0	0	168	62	0	2	10	1	0	0	167	41	0	0	0	0	0	0	4	2	0	0	2	2	1	0	
0	0	17	95	10	0	0	0	2	21	112	90	2	0	4	6	25	112	77	1	0	0	6	10	20	25	1	0	0	0	0	2	11	0	4	102	112	6	0	6	86	13	24	45	19	2	44	110	55	37	11	0	0	0	112	112	36	8	0	0	0	0	4	31	14	1	0	3	112	90	1	4	112	103	3	0	20	25	4	27	33	100	87	1	0	0	20	20	1	34	70	0	0	0	2	4	1	0	1	0	47	112	0	0	15	42	6	1	18	112	3	1	5	49	106	8	7	16	5	1	40	82	86	4	6	8	2	6	
0	1	23	41	2	0	0	0	13	48	60	20	0	0	0	0	7	12	2	18	13	0	0	0	0	4	41	109	32	1	1	0	7	5	16	118	90	2	0	0	118	89	48	47	10	0	0	12	46	22	43	82	43	0	0	3	2	2	10	108	117	4	9	7	4	8	2	20	118	110	3	0	51	118	72	8	20	50	21	4	7	38	118	82	4	0	18	12	2	1	28	51	16	2	34	59	0	0	0	0	15	80	10	0	0	10	8	0	3	101	118	4	1	6	17	1	0	6	118	64	0	0	2	3	8	1	86	107	
40	45	5	14	30	42	1	3	141	47	8	12	24	38	2	7	141	61	0	0	0	0	6	25	7	2	0	0	0	0	8	9	66	26	0	0	114	65	0	2	141	27	0	0	40	50	4	7	141	54	0	0	1	2	1	4	27	3	0	0	0	0	0	3	80	3	0	3	141	23	0	16	139	3	0	0	26	50	8	42	141	5	0	0	2	5	2	48	31	1	0	0	0	0	0	4	75	0	0	30	118	2	0	30	107	0	0	0	31	12	1	54	141	0	0	0	2	1	0	71	13	2	0	0	0	0	0	3	
6	1	116	92	5	0	3	8	2	1	131	64	1	0	42	19	3	3	103	40	0	0	71	46	0	0	42	18	0	0	98	40	65	19	25	33	53	51	7	26	43	29	40	64	22	5	47	32	125	40	22	8	2	1	46	85	12	0	0	0	0	0	111	75	40	18	1	1	124	92	1	1	85	21	6	18	55	43	1	6	131	23	2	2	10	11	4	36	63	5	0	0	0	0	23	26	28	2	0	9	131	19	0	4	85	4	0	1	47	20	2	16	131	3	0	0	13	8	2	31	65	2	0	0	0	0	0	7	
25	21	2	9	45	14	0	2	124	50	0	0	19	7	0	1	80	19	1	11	1	0	0	0	0	0	0	101	30	0	0	0	71	5	0	13	53	9	0	29	124	23	7	4	33	6	0	21	90	17	48	124	1	0	0	4	2	0	11	124	13	0	1	37	35	3	1	16	77	12	4	57	64	83	54	22	36	4	14	17	12	21	102	120	0	0	36	68	1	0	10	46	0	0	33	124	3	0	0	3	39	42	68	24	2	7	5	3	11	14	124	81	1	1	4	2	0	0	124	124	0	0	0	0	0	0	53	108	
3	4	60	59	0	0	26	98	0	0	13	41	1	0	55	123	0	0	27	79	1	0	35	51	0	0	23	43	0	0	42	70	1	1	7	12	16	2	53	96	15	6	32	124	69	11	7	22	124	14	34	54	4	2	15	124	15	0	1	2	0	0	59	124	3	56	102	30	18	3	3	2	32	34	13	23	124	79	4	8	124	11	1	3	14	20	5	54	71	1	0	0	0	0	2	23	27	72	30	16	37	39	7	3	46	69	16	16	25	9	3	46	124	0	0	2	7	4	1	124	33	0	0	0	0	0	0	15	
0	15	79	5	22	35	0	0	27	29	16	15	109	79	0	0	126	92	0	1	11	4	0	0	69	22	0	0	0	0	0	0	1	48	126	5	3	2	10	2	23	28	85	74	50	16	12	5	126	47	4	13	10	2	3	14	126	13	0	0	0	0	0	2	2	33	19	4	3	90	47	3	38	54	10	6	2	30	55	34	126	5	1	1	0	3	24	118	102	0	0	0	0	0	0	28	6	9	1	0	0	126	86	2	30	20	0	0	0	64	126	67	55	2	0	0	0	0	33	126	22	0	0	0	0	0	0	34	
7	20	66	3	1	3	9	19	2	42	30	3	1	40	29	1	0	5	26	28	2	20	101	1	0	8	51	5	0	16	80	0	10	24	67	41	77	40	10	2	109	118	42	24	15	0	0	9	18	17	42	117	76	2	2	22	21	23	72	15	4	2	42	85	21	1	1	38	118	104	39	19	118	23	14	22	11	8	50	54	16	4	8	39	49	6	47	118	26	0	0	1	2	2	42	118	1	0	0	0	8	116	94	3	4	2	1	0	0	22	118	48	1	0	1	0	0	0	88	118	2	0	0	0	0	0	6	48	
0	0	1	49	8	0	0	0	0	0	54	116	7	2	1	1	5	28	116	80	20	6	1	1	51	116	71	3	2	0	0	0	0	1	1	116	99	0	0	0	46	10	9	116	51	13	7	19	32	8	13	19	116	85	16	16	116	89	32	3	12	9	13	18	2	1	29	116	114	3	9	4	116	22	3	34	50	9	17	56	39	2	1	0	27	112	67	22	12	11	4	2	4	20	115	48	0	0	28	30	7	4	60	30	15	0	35	23	4	2	48	73	7	8	90	33	0	5	10	14	0	36	49	5	9	3	15	2	
2	25	71	6	1	10	68	47	6	122	62	8	10	31	21	2	48	122	9	1	2	1	0	0	7	7	0	0	0	0	0	0	0	0	37	114	40	10	39	23	22	33	122	100	22	28	36	14	122	122	18	11	3	1	7	37	46	10	0	0	0	0	0	3	8	1	5	38	107	86	11	16	74	16	20	16	10	29	122	117	122	9	3	1	0	2	80	122	24	0	0	0	0	0	0	15	5	13	10	2	34	69	1	1	100	90	0	0	22	48	9	16	52	74	0	0	0	0	10	25	1	2	0	0	0	0	0	2	
0	0	14	12	0	0	0	0	0	6	63	9	0	0	0	0	0	19	24	0	0	0	0	0	0	2	0	0	0	0	0	0	0	0	77	129	6	2	4	3	8	50	129	89	26	11	6	3	92	129	110	4	3	0	0	5	15	24	36	22	0	0	0	0	36	3	7	112	40	12	14	48	42	16	18	20	129	69	20	30	129	109	80	10	14	6	9	42	14	17	129	75	0	0	21	17	106	39	2	14	33	10	2	17	24	8	0	0	50	122	57	11	15	21	17	1	3	20	116	76	1	1	19	20	3	0	60	47	
0	47	72	0	0	1	0	0	0	8	91	1	0	0	1	0	2	25	33	0	0	0	0	1	1	4	0	0	0	0	0	1	0	92	154	1	0	11	14	0	9	64	154	5	1	11	12	1	121	154	109	0	0	1	1	2	32	23	0	0	0	0	0	0	15	18	40	7	2	37	43	8	55	25	41	8	20	70	57	27	154	45	8	1	5	14	6	70	74	5	0	0	0	0	0	9	11	7	4	2	17	152	96	11	65	6	1	15	64	25	21	30	154	0	0	2	7	1	0	84	35	0	0	0	0	0	0	11	
8	4	6	131	127	10	10	8	55	10	2	27	45	8	9	17	162	4	0	6	10	0	0	60	58	1	0	1	0	0	0	18	2	9	59	35	34	23	53	11	53	10	17	62	69	24	48	28	162	30	1	7	11	1	8	45	78	6	0	0	1	1	0	3	0	3	15	2	0	49	162	0	9	1	6	16	8	41	162	54	112	3	0	1	1	1	115	162	32	1	0	0	0	1	2	26	0	0	0	0	0	9	57	0	0	0	0	0	0	4	90	7	0	0	0	0	0	0	32	25	0	1	0	0	0	0	1	4	
1	30	40	10	9	50	49	6	56	131	9	3	26	52	4	0	93	131	0	0	0	0	0	0	7	4	0	0	0	0	0	1	2	42	28	14	59	82	36	1	81	55	12	27	82	19	0	3	131	104	1	1	3	0	0	6	30	9	0	0	0	0	0	1	23	5	12	131	99	28	8	7	97	4	1	20	82	11	2	42	131	8	0	0	4	1	0	102	29	2	0	0	0	0	0	9	29	2	12	68	16	0	4	54	106	0	0	30	31	0	1	121	131	0	0	0	0	0	0	120	4	0	1	3	0	0	0	4	
0	1	92	48	0	0	0	0	1	61	132	12	0	0	0	0	9	83	17	0	0	0	0	0	1	3	0	7	4	0	0	0	11	32	126	97	2	2	2	1	34	104	108	70	16	0	0	1	132	132	21	6	1	0	0	4	21	10	1	51	20	0	0	0	23	16	10	19	26	52	36	13	109	23	7	33	68	5	2	7	132	28	3	14	7	1	0	25	27	4	3	132	46	0	0	2	2	4	1	0	93	82	8	9	54	17	2	1	32	22	6	6	132	83	34	34	4	1	2	5	5	10	26	128	20	0	0	1	
23	5	24	2	0	0	32	50	7	8	43	2	0	13	7	4	0	12	12	5	2	14	54	5	0	1	30	41	7	0	36	8	0	1	118	20	3	18	58	3	9	51	118	36	25	26	9	0	65	118	45	10	23	1	0	1	13	6	21	63	118	7	1	8	0	0	4	23	86	57	118	3	53	14	9	93	118	59	18	18	118	50	22	33	16	1	1	35	21	3	8	53	89	7	7	70	0	0	0	6	69	77	7	0	20	3	0	16	57	118	118	17	35	17	22	10	0	8	118	63	3	0	6	12	2	0	47	118	
33	31	28	36	20	7	3	3	135	73	16	26	13	0	0	31	103	19	1	53	10	0	0	12	0	0	4	135	18	0	0	0	26	11	3	8	70	25	5	6	135	31	9	13	17	4	4	51	80	17	21	135	27	0	0	10	3	1	13	135	16	0	0	9	12	15	2	0	77	86	3	2	96	107	52	15	2	4	5	10	17	35	85	135	4	0	4	11	34	3	10	46	2	0	0	71	1	4	1	0	38	135	16	0	18	29	11	0	2	68	56	7	15	11	32	20	1	3	41	46	56	0	2	7	0	0	3	125	
0	1	1	25	100	74	2	0	11	10	4	8	36	60	35	10	28	8	15	42	48	16	32	33	28	36	34	24	9	8	24	56	4	5	16	115	115	24	4	7	95	49	22	36	30	10	13	25	59	9	2	18	115	40	12	45	111	22	0	3	7	28	57	115	2	0	1	13	86	115	35	9	39	35	27	4	7	79	68	28	43	46	14	2	54	51	11	6	115	115	0	0	14	13	4	5	0	0	0	0	2	76	34	0	2	1	1	0	19	115	104	1	8	6	1	1	66	80	16	3	96	68	1	1	34	8	0	0	
15	1	0	0	121	40	0	1	84	19	3	2	35	11	1	6	82	121	35	2	5	2	0	0	4	74	17	0	0	0	1	0	8	27	13	43	121	39	0	0	90	27	5	19	73	35	5	5	12	114	42	27	29	46	16	3	73	121	23	5	1	0	0	2	16	25	83	121	50	7	6	23	121	21	17	43	40	5	2	57	20	10	13	52	96	33	33	43	121	40	9	8	2	2	28	121	12	5	8	20	29	31	51	33	33	40	42	28	24	7	6	27	78	40	12	3	13	10	13	34	89	14	0	0	0	0	12	87	
9	9	2	7	70	29	0	0	122	73	0	0	33	10	0	1	76	24	1	20	11	0	0	0	2	0	0	90	84	0	0	2	23	5	1	16	99	5	1	13	122	28	8	9	60	2	0	20	95	15	30	122	10	0	0	6	10	0	1	122	35	0	2	48	4	2	0	7	95	67	23	16	72	79	31	10	38	33	45	16	14	27	64	107	2	0	54	64	3	0	1	34	2	0	41	122	0	0	0	0	7	89	77	1	2	3	1	0	2	57	122	24	1	1	1	0	0	0	122	84	0	0	0	0	0	0	51	91	
0	44	31	0	1	82	77	0	15	119	17	0	2	38	13	0	56	119	1	0	0	0	0	0	23	28	0	0	0	0	0	0	0	0	95	72	12	68	38	0	35	69	47	79	65	72	15	8	119	119	3	6	5	0	1	14	88	21	0	0	0	0	0	3	0	0	91	86	1	0	59	46	23	13	48	44	6	1	113	82	119	19	1	2	1	0	16	98	102	2	0	0	0	0	0	10	0	0	7	12	3	10	88	45	11	21	21	5	0	5	119	59	60	19	1	0	0	0	32	119	36	1	0	0	0	0	1	31	
0	0	18	77	43	48	29	3	39	4	9	38	83	46	7	46	64	6	7	2	1	13	87	138	9	1	6	4	3	64	126	54	0	0	0	0	20	138	116	1	92	10	0	1	78	138	31	27	138	38	0	0	2	21	40	107	22	1	0	0	0	33	101	26	0	0	0	0	12	44	9	0	11	0	0	0	51	138	93	43	95	2	0	0	1	20	67	138	13	0	0	0	0	0	1	9	0	0	0	0	0	1	0	0	0	0	0	0	0	11	19	3	0	0	0	0	0	1	13	13	0	0	0	0	0	0	0	1	
0	3	3	1	0	0	0	0	0	1	13	8	0	0	0	0	0	7	17	2	0	0	0	0	0	1	0	0	0	0	0	0	18	105	31	24	6	0	0	0	8	19	104	137	33	0	0	0	93	128	113	33	1	0	0	7	19	13	1	0	0	0	0	1	29	137	137	54	8	0	1	1	74	26	87	137	81	0	0	11	137	81	16	21	3	0	0	35	43	17	0	0	0	0	0	5	1	9	71	25	8	37	21	6	64	8	39	41	6	6	31	74	137	133	3	1	0	0	5	35	50	82	0	0	0	0	0	2	
0	0	6	9	0	0	0	0	0	6	46	11	0	0	0	0	0	16	17	0	0	0	0	0	0	1	0	0	0	0	0	0	0	0	35	133	14	0	0	1	10	60	133	131	6	8	2	2	92	133	76	2	1	1	0	4	17	12	0	0	0	0	0	1	19	5	5	133	123	1	3	12	69	21	21	43	41	80	17	33	133	95	6	1	9	18	1	35	37	20	0	0	0	0	0	4	26	36	3	23	133	42	0	2	58	110	2	2	28	67	2	5	68	133	2	0	10	68	2	1	9	133	16	0	0	2	0	0	
47	0	0	3	124	3	0	4	92	0	0	0	85	20	0	6	144	3	0	0	7	2	0	3	23	0	0	0	0	0	0	3	63	0	0	1	144	9	0	6	112	4	0	7	129	3	0	5	144	16	0	1	12	0	0	1	30	6	0	0	0	0	0	0	60	2	0	11	144	2	0	2	107	2	0	10	130	0	0	3	144	6	0	1	12	0	0	3	36	4	0	0	0	0	0	1	53	1	0	12	115	0	0	1	86	1	0	5	99	1	0	2	144	0	0	0	9	0	0	5	29	1	0	0	0	0	0	1	
0	0	0	2	140	50	0	0	74	38	0	0	105	48	0	0	140	80	0	0	2	1	0	0	15	5	0	0	0	0	0	0	0	0	1	73	140	7	0	0	68	10	1	13	140	24	0	1	140	45	0	0	10	1	0	2	39	6	0	0	0	0	0	0	14	5	13	121	42	0	0	4	70	3	1	38	140	0	0	11	140	5	0	2	9	0	0	50	38	1	1	5	1	0	0	6	12	1	2	56	28	1	7	25	73	1	0	63	54	0	0	70	140	1	3	4	1	0	0	102	11	0	7	49	3	0	0	5	
78	53	18	23	13	3	0	0	136	92	15	20	7	0	0	5	111	21	0	0	0	0	0	3	1	0	0	0	0	0	0	0	111	33	0	5	36	18	1	5	136	18	1	3	14	11	2	58	136	13	1	0	0	0	0	17	1	1	2	0	0	0	0	0	62	92	0	0	30	62	2	2	136	136	0	0	1	3	2	13	75	136	5	0	0	0	0	1	0	23	7	0	0	0	0	0	7	38	1	0	26	136	2	0	19	136	14	0	2	45	4	0	8	136	32	0	0	1	0	0	0	114	34	0	0	0	0	0	
0	141	28	0	1	49	8	0	0	141	53	0	0	5	0	0	1	48	17	0	0	0	0	0	0	2	1	0	0	0	0	0	4	111	35	2	11	85	2	0	21	141	59	7	58	60	0	1	137	141	26	1	4	0	0	4	18	8	0	0	0	0	0	1	46	68	9	3	75	50	0	1	94	37	5	12	127	16	0	12	141	27	1	1	12	1	0	35	32	1	0	1	1	0	0	4	52	3	0	5	124	8	0	7	96	10	1	13	94	5	0	9	141	14	0	2	8	1	0	15	23	0	0	0	2	1	0	2	
17	11	1	0	96	111	0	0	33	48	19	4	24	35	11	1	5	97	95	16	17	19	17	2	51	111	33	4	1	0	0	2	4	29	44	79	111	58	0	0	111	57	7	36	76	23	7	8	31	13	10	30	100	51	25	37	111	43	7	7	4	4	11	111	10	13	49	111	47	36	25	21	96	19	39	54	33	8	16	53	44	66	50	14	22	22	8	17	111	95	2	0	0	2	3	48	34	45	22	8	18	24	29	15	8	5	6	13	78	38	21	14	25	72	18	16	21	12	4	2	46	111	27	8	0	0	0	0	
3	0	0	122	78	0	0	6	14	0	0	44	29	1	1	33	69	0	0	17	14	1	1	122	78	0	0	0	0	0	0	122	14	0	0	44	96	51	5	25	40	1	0	13	55	29	4	34	122	14	0	5	9	4	0	122	76	6	0	0	0	0	0	73	13	2	0	0	83	122	2	5	42	11	0	0	42	76	3	7	122	122	0	0	14	23	1	7	87	74	0	0	0	0	0	1	1	1	0	0	74	87	0	0	14	20	1	0	58	57	0	0	78	77	0	0	26	29	1	0	110	109	0	0	0	1	0	0	
1	24	130	69	5	7	3	2	61	130	80	2	2	1	0	2	47	45	2	0	0	0	0	2	1	0	0	0	0	0	0	0	21	5	9	16	50	66	17	32	130	60	5	1	21	21	1	42	130	26	0	0	0	0	0	19	1	1	0	0	0	0	0	0	51	23	0	0	48	88	3	12	126	130	0	0	30	93	0	6	59	130	6	0	0	2	0	1	0	36	5	0	0	0	0	0	27	130	3	0	6	25	0	0	4	61	2	0	8	130	7	0	3	130	23	0	0	63	14	0	0	130	56	0	0	4	1	0	
22	0	0	15	60	7	1	15	144	0	0	2	15	7	1	85	144	0	0	0	0	0	0	61	5	0	0	0	0	0	0	2	43	1	0	15	57	7	1	15	144	25	0	5	16	3	0	63	143	21	0	0	0	0	0	31	3	3	1	0	0	0	0	1	41	7	0	2	23	70	12	13	144	144	0	0	8	50	9	4	63	144	0	0	0	1	0	1	5	32	1	0	0	0	0	0	10	13	1	0	4	144	7	1	10	63	3	0	12	78	6	1	26	144	0	0	3	22	4	0	14	144	0	0	0	0	0	0	
32	64	10	1	40	36	0	0	47	32	5	9	100	17	0	5	159	27	1	1	17	3	0	24	57	2	0	0	1	0	0	5	68	4	0	2	142	16	0	6	87	11	1	11	117	8	0	8	159	33	0	4	23	1	0	10	77	3	0	0	1	1	0	3	47	20	2	9	149	8	0	3	75	23	3	13	112	8	0	6	159	18	0	1	21	4	0	21	75	5	0	1	1	1	0	3	36	10	1	18	115	1	0	1	66	12	1	7	66	3	0	3	159	19	0	2	15	1	0	11	64	4	0	1	0	0	0	2	
0	58	83	13	4	51	13	0	38	21	122	79	20	15	9	2	154	28	8	9	4	0	1	5	52	1	0	0	0	0	0	3	0	0	1	1	3	154	65	0	55	5	3	7	26	154	44	9	154	20	0	2	3	9	11	29	68	3	0	0	0	0	0	4	0	1	0	0	1	106	22	0	10	0	0	0	4	154	136	19	138	4	0	0	0	32	109	138	39	1	0	0	0	0	1	20	0	4	0	0	0	2	1	0	0	0	0	0	0	18	25	3	2	0	0	0	0	4	33	21	4	0	0	0	0	0	0	5	
0	1	3	3	0	0	1	3	0	3	30	25	0	0	0	0	1	23	33	6	0	0	0	0	1	6	2	0	0	0	0	0	0	0	38	111	0	0	0	0	11	24	138	149	0	0	0	1	138	149	88	31	0	0	0	3	28	16	1	0	0	0	0	0	1	1	66	149	8	15	11	2	63	13	55	149	4	11	10	26	149	25	9	7	0	0	3	49	55	2	0	0	0	0	0	5	0	0	6	29	28	100	103	59	71	4	0	2	37	98	19	15	149	1	0	0	0	0	0	21	39	0	0	1	2	0	0	3	
7	3	0	5	160	12	0	1	88	5	0	4	43	6	1	6	162	7	0	0	2	1	2	16	27	0	0	0	0	2	16	4	10	1	0	1	162	19	0	1	104	5	0	0	47	13	1	6	162	17	0	0	2	1	0	7	43	2	0	0	0	0	0	1	12	0	0	1	162	19	0	2	94	3	0	1	36	23	2	11	162	12	0	0	2	2	0	12	47	1	0	0	0	0	0	0	14	1	0	1	162	14	0	2	67	8	0	2	41	10	1	3	162	60	1	0	5	1	0	0	30	22	3	0	0	0	0	0	
45	19	2	9	70	5	0	2	184	25	0	2	20	3	0	13	124	11	0	1	1	0	0	3	0	0	0	2	2	0	0	0	78	5	0	7	87	3	0	7	184	15	0	3	25	1	0	31	159	5	0	1	0	0	0	11	0	0	0	3	2	1	0	0	72	14	1	10	82	3	0	3	184	37	0	3	23	1	0	15	157	11	0	1	1	0	0	5	0	0	1	5	2	0	0	0	58	4	0	3	58	12	1	14	184	10	0	1	16	2	1	42	112	1	0	0	2	0	0	14	0	0	0	1	4	0	0	0	
11	34	21	34	13	21	11	2	13	45	75	28	6	12	57	18	6	33	53	3	0	1	69	15	0	1	39	45	4	4	54	8	52	26	12	30	100	20	6	19	125	40	34	25	65	14	23	107	38	24	24	2	0	5	125	64	0	0	18	17	2	11	125	12	16	18	3	0	71	70	21	33	125	118	5	0	51	86	23	20	46	125	51	0	0	3	38	14	0	47	15	0	0	0	46	3	40	58	21	11	6	24	2	6	6	37	33	8	5	99	36	1	1	125	51	0	1	79	16	0	0	125	42	0	0	12	1	0	
0	27	74	33	57	7	0	0	9	113	111	2	1	1	2	6	2	77	75	0	0	5	10	3	0	33	40	0	0	11	21	0	9	3	6	6	123	66	1	6	123	30	15	3	12	10	32	114	19	33	27	0	0	49	123	43	0	42	51	0	0	49	74	0	12	2	0	0	123	68	1	2	123	46	0	0	26	14	7	30	112	21	0	0	0	32	77	22	0	0	0	0	0	78	107	0	10	2	0	0	123	28	0	0	123	34	0	0	43	10	0	3	123	25	0	0	0	0	1	1	2	0	0	0	0	5	7	0	
0	0	0	0	138	23	0	0	35	2	0	5	137	18	0	0	144	8	0	1	15	1	0	1	29	2	0	0	0	0	0	1	0	0	0	0	144	15	0	0	43	3	0	14	144	10	0	1	144	15	0	3	20	1	0	2	40	3	0	0	0	0	0	1	0	0	0	0	144	20	0	0	33	1	0	2	144	50	1	3	144	12	0	1	23	7	1	4	47	5	0	0	0	0	0	0	0	0	0	1	136	3	0	0	20	1	0	4	144	6	0	0	144	10	0	1	29	1	0	0	42	3	0	0	0	0	0	0	
2	16	37	31	18	10	5	3	14	68	46	2	1	6	11	11	4	95	70	0	0	4	39	11	0	93	87	0	0	7	13	0	15	7	9	10	74	50	2	9	136	27	7	1	8	8	32	136	25	3	1	0	0	44	136	73	0	14	14	0	0	89	124	0	21	2	0	0	75	58	1	4	136	43	0	0	16	17	7	33	136	16	0	0	0	30	74	25	0	0	0	0	0	83	104	1	16	4	0	1	66	27	1	0	136	45	0	1	26	15	1	2	136	34	0	0	0	0	2	2	2	0	0	0	0	6	8	1	
0	0	0	125	26	0	0	2	3	0	2	125	18	0	3	45	22	1	5	39	3	0	2	93	35	0	1	6	0	0	0	125	12	1	1	125	32	0	1	21	24	5	15	96	25	3	4	40	125	25	15	27	1	0	1	124	48	17	38	0	0	0	0	101	33	30	19	47	14	2	10	10	25	9	21	38	43	20	16	14	125	105	51	3	1	2	9	21	12	43	125	9	0	0	2	1	2	9	8	2	1	13	125	11	1	4	13	6	0	17	125	12	2	21	19	0	0	8	125	19	0	5	50	2	0	12	119	3	
53	12	1	5	54	3	0	1	167	35	0	2	25	2	0	6	134	14	0	1	0	0	0	2	0	0	0	4	2	0	0	0	67	8	1	4	58	13	0	13	167	17	0	2	31	4	1	34	167	5	0	0	2	0	0	14	0	0	0	1	5	0	0	0	89	7	0	4	81	10	0	9	167	57	1	4	44	3	0	10	167	14	0	0	3	1	0	6	0	0	0	0	6	2	0	0	79	8	0	5	75	7	1	11	167	8	0	2	41	5	0	29	149	4	0	1	2	0	0	10	0	0	0	2	4	0	0	0	
2	38	13	1	60	122	11	0	80	122	16	2	31	14	1	0	22	14	11	9	18	75	9	2	24	40	7	1	3	68	16	17	6	6	44	81	122	42	1	0	122	39	2	30	109	7	0	3	55	33	59	86	75	10	3	1	4	117	50	11	6	42	6	3	4	3	45	79	55	68	59	9	122	4	1	21	46	20	54	95	39	13	5	14	122	46	26	21	12	80	18	6	15	41	55	17	0	13	78	6	4	35	44	2	10	37	31	1	6	13	46	37	5	10	4	3	39	82	15	6	2	14	21	15	13	65	27	1	
1	13	91	47	37	14	1	2	1	50	117	4	1	1	1	2	1	51	117	0	0	0	0	1	0	29	106	0	0	0	1	1	1	2	5	10	104	103	3	3	11	19	48	41	35	26	2	5	77	39	59	3	1	2	28	73	5	16	48	0	0	9	117	33	1	1	0	0	90	115	0	0	19	3	2	4	67	117	2	3	117	79	1	1	5	25	16	50	66	31	0	0	0	7	103	28	7	8	0	0	34	46	0	0	1	0	0	0	88	114	0	0	97	80	0	0	18	32	1	1	105	101	0	0	0	0	1	1	
11	2	1	37	112	0	0	1	116	3	2	3	4	0	0	41	116	0	1	1	9	2	0	41	1	0	0	3	116	20	0	0	11	2	2	38	115	0	0	5	116	44	9	7	2	0	0	36	99	21	69	57	2	0	0	18	0	0	61	114	80	4	1	0	4	6	4	34	95	6	1	2	82	116	38	16	19	7	2	6	18	55	116	109	0	0	17	26	0	0	66	76	1	0	44	77	1	12	13	25	48	6	17	25	6	13	8	5	9	5	64	103	2	6	12	5	0	0	88	116	0	0	0	1	0	0	53	82	
49	8	0	8	91	2	0	5	93	8	0	4	60	10	1	12	161	13	0	0	5	1	0	22	28	1	0	0	2	0	0	2	91	10	0	20	108	4	0	5	125	17	1	5	108	11	1	9	161	44	0	1	10	0	0	11	37	1	0	0	4	1	0	2	109	18	2	48	32	4	16	23	136	8	0	6	122	15	1	19	161	13	0	1	12	2	0	29	35	2	0	2	4	0	0	2	19	6	17	9	5	13	91	56	72	4	5	33	91	20	12	25	161	21	0	2	9	1	0	9	29	4	0	2	1	0	0	1	
0	75	45	8	12	1	0	0	12	8	12	90	119	0	0	1	117	3	1	30	57	0	0	22	64	0	0	4	17	2	5	78	0	84	71	11	5	46	11	0	27	25	60	119	119	31	5	4	119	17	2	23	38	3	3	14	119	12	0	1	13	1	0	14	1	111	72	5	4	43	8	1	13	51	16	20	21	119	74	19	84	5	0	3	19	33	67	86	119	46	0	0	21	14	1	2	5	63	21	2	3	28	103	7	43	104	13	0	0	10	56	28	30	12	0	0	18	25	24	23	39	45	0	0	29	45	1	0	
12	10	7	1	14	36	11	13	6	4	17	11	9	49	118	23	6	15	51	3	0	0	87	45	1	4	43	7	0	0	62	26	26	83	25	8	10	7	4	1	13	17	71	101	94	12	7	1	63	53	118	23	10	2	20	54	4	12	70	8	0	0	91	41	78	68	25	23	12	17	16	13	63	22	3	11	118	96	2	6	118	77	4	4	41	32	18	63	38	37	8	0	0	0	84	48	29	15	8	2	1	23	68	41	23	5	1	0	66	93	7	23	71	107	9	0	33	94	34	2	14	118	83	0	0	7	10	1	
0	1	9	2	12	100	22	0	19	36	13	5	122	122	7	0	122	84	7	8	25	5	0	0	8	14	35	32	8	26	5	0	0	13	122	23	14	8	6	0	31	8	45	122	122	24	5	5	122	33	2	18	71	5	3	15	16	25	30	44	100	24	15	8	0	3	58	10	3	44	75	1	10	1	25	42	34	88	122	22	93	3	2	2	26	20	64	98	12	11	3	0	70	63	18	12	0	5	94	6	2	15	37	0	1	19	122	18	12	20	28	1	18	69	51	2	3	6	15	10	3	6	9	14	9	46	14	0	
0	3	3	0	1	123	103	0	18	39	21	1	25	124	35	2	138	76	6	0	4	8	1	8	25	5	0	0	0	0	0	1	0	67	17	8	37	54	31	0	31	3	2	29	138	80	11	3	138	6	0	4	28	5	0	14	40	1	0	0	0	0	0	2	0	138	119	27	18	1	0	0	43	17	78	120	138	0	0	1	138	8	2	8	18	0	0	14	35	0	0	0	0	0	0	3	0	20	48	10	5	60	11	0	62	12	61	35	6	15	7	4	138	10	2	2	0	0	0	12	23	0	0	0	0	0	0	3	
0	0	0	1	48	5	0	0	1	1	1	1	135	46	5	6	10	16	11	1	24	14	75	59	3	40	17	0	0	31	64	12	0	0	0	1	45	5	0	0	26	1	0	0	135	44	3	10	135	7	0	0	28	19	70	101	26	2	0	0	0	135	135	22	0	0	0	0	30	5	0	0	22	4	0	1	135	40	0	1	135	108	18	1	41	8	1	4	37	76	74	0	0	27	14	3	0	0	0	0	14	3	0	0	1	3	1	1	135	79	4	0	12	87	33	1	33	61	36	0	1	83	118	0	0	7	16	0	
105	22	2	12	32	12	9	32	43	8	1	7	132	50	16	18	132	0	0	0	29	7	1	15	25	0	0	10	64	0	0	1	89	75	3	6	69	22	0	0	61	46	6	52	132	1	0	1	132	9	0	6	33	1	0	6	30	2	0	19	95	0	0	0	24	45	12	6	119	41	0	0	55	53	50	75	70	1	0	1	132	8	3	9	15	0	0	10	29	1	0	21	108	0	0	2	0	3	9	7	132	55	0	0	75	21	47	27	43	15	2	16	132	8	2	2	5	0	0	23	24	0	0	22	94	0	0	2	
12	0	0	6	120	3	0	4	98	0	0	3	71	27	9	52	88	20	0	0	61	68	7	13	78	24	0	0	9	7	0	0	17	1	0	17	120	1	0	2	120	18	4	14	78	15	2	28	81	19	4	22	120	60	2	12	120	33	0	1	9	3	0	6	7	5	1	23	120	1	0	1	94	119	45	32	66	2	4	26	29	24	41	69	58	4	21	102	61	4	0	1	5	1	8	78	1	0	0	6	105	40	22	7	7	13	4	4	29	17	70	120	3	3	7	12	0	0	30	116	1	7	30	18	0	0	4	20	
0	0	30	10	0	1	2	0	0	3	70	10	0	0	1	0	0	16	33	1	0	0	0	0	0	2	2	0	0	0	0	0	0	1	159	73	0	0	7	5	8	49	159	55	1	11	17	5	114	159	120	1	0	2	2	3	32	18	1	0	0	0	1	2	10	26	111	25	1	2	34	23	55	59	48	9	12	59	58	30	159	46	8	1	6	21	9	54	77	3	0	0	0	0	0	10	25	19	34	14	7	103	99	15	118	40	6	4	20	22	12	39	159	0	0	2	10	4	1	36	50	0	0	0	0	0	0	7	
38	18	4	85	103	13	19	19	118	34	0	1	33	26	7	22	157	92	0	0	4	4	0	0	22	10	0	1	3	0	0	0	9	4	18	25	13	34	115	47	52	12	10	54	61	30	48	60	157	70	0	9	16	4	7	45	63	11	0	0	0	0	0	3	0	2	11	5	1	21	157	1	8	1	6	22	10	40	157	49	122	1	0	2	2	2	111	157	33	1	0	0	0	0	0	16	0	0	0	0	0	5	63	0	0	0	0	0	0	7	85	4	1	0	0	0	1	2	32	18	2	1	0	0	0	0	0	2	
0	0	4	5	0	0	20	81	0	2	39	22	0	0	2	13	1	25	34	3	0	0	0	0	1	5	1	0	0	0	0	0	0	0	80	137	0	0	1	3	9	28	148	148	3	2	0	1	126	148	106	19	0	0	0	2	33	25	1	0	0	0	0	0	0	8	114	148	0	0	0	0	43	36	65	91	10	18	4	11	148	36	9	4	1	4	2	42	76	4	0	0	1	0	0	6	7	12	28	91	4	4	36	10	96	44	18	5	1	2	15	25	148	2	1	0	0	0	0	36	49	1	1	1	1	0	0	4	
5	2	12	57	45	48	25	7	103	20	1	4	5	9	27	48	148	32	0	0	0	0	1	5	58	4	0	0	26	5	0	0	0	0	0	0	2	148	114	4	38	14	15	10	5	101	69	32	148	40	5	2	0	4	11	36	87	3	0	0	16	5	0	3	0	0	0	0	0	141	71	0	7	1	1	1	2	148	148	24	124	3	0	0	0	19	121	148	39	0	0	0	6	2	1	23	0	12	4	0	0	5	3	0	0	1	0	0	0	19	38	3	1	0	0	0	0	3	37	23	1	0	0	0	1	1	1	5	
134	0	0	1	40	17	2	57	52	6	0	0	134	63	1	7	134	30	0	0	13	3	0	1	15	2	0	0	8	10	1	1	134	34	27	32	35	5	0	31	36	8	16	91	134	24	2	11	134	33	0	5	29	1	1	33	30	4	1	0	0	1	1	3	48	103	100	45	2	0	16	51	7	2	44	95	29	2	68	134	67	1	0	2	5	0	31	134	10	1	0	0	0	1	1	8	4	6	3	0	0	0	70	134	0	0	1	1	0	0	49	94	0	1	9	4	0	0	11	22	0	2	3	0	1	1	1	1	
0	122	60	0	0	9	10	0	1	95	49	0	0	0	1	0	1	24	10	1	0	0	0	1	0	0	0	1	1	0	0	0	3	45	16	0	0	125	114	1	9	125	73	0	5	109	33	1	80	125	24	0	1	6	0	3	12	5	0	0	0	0	1	2	7	125	13	5	9	75	43	1	30	22	11	34	125	125	27	5	125	23	0	4	24	13	1	31	28	1	0	7	7	0	0	4	0	125	63	10	6	43	0	0	53	40	98	97	63	3	0	4	125	4	2	9	10	0	0	27	14	0	0	7	30	0	0	3	
0	1	1	1	0	5	12	3	0	0	6	36	0	0	6	7	0	0	27	127	1	1	4	2	3	0	26	127	10	21	15	3	0	1	2	8	9	1	0	0	6	1	15	127	73	3	0	1	54	3	24	127	10	3	35	119	8	0	1	19	69	115	93	66	0	0	1	2	20	6	1	0	18	2	1	25	127	69	0	1	127	68	1	8	39	19	5	50	51	23	1	5	127	26	10	21	4	17	4	1	5	2	0	0	2	1	0	1	124	62	0	0	118	88	1	1	71	31	0	0	56	55	3	19	127	1	0	0	
0	0	0	0	3	5	0	0	2	4	25	11	17	11	0	0	72	9	16	7	3	0	2	91	14	0	0	0	0	0	2	46	0	0	0	0	31	54	0	0	37	22	43	32	167	167	10	7	167	59	30	14	24	23	13	121	116	8	0	0	0	0	2	61	0	0	0	0	8	12	0	0	13	1	0	0	119	167	69	23	167	12	0	0	11	80	89	135	72	10	0	0	0	0	0	4	0	0	0	0	0	0	0	0	0	0	0	0	0	23	5	0	0	0	0	0	0	7	6	2	0	0	0	0	0	0	0	0	
0	0	0	2	4	0	0	0	0	2	5	15	8	0	0	0	3	7	4	2	0	0	0	0	0	0	0	0	0	0	0	0	0	0	10	81	51	0	0	0	24	48	71	160	160	1	0	2	160	160	59	39	5	0	0	5	16	5	0	0	0	0	0	0	0	0	76	160	29	1	1	1	69	13	25	160	160	50	46	39	160	38	5	13	9	10	16	68	20	1	0	0	0	0	0	0	0	0	9	22	1	0	0	1	11	0	3	10	3	16	22	9	79	5	0	0	0	4	6	10	3	1	0	0	0	0	0	0	
0	129	53	0	1	25	5	0	0	129	71	0	1	2	0	0	3	71	14	0	0	0	0	0	1	2	0	0	0	0	0	0	0	13	8	1	10	118	31	0	29	129	34	0	28	61	10	1	129	129	8	0	2	1	0	2	21	10	0	0	0	0	0	0	0	0	0	9	62	129	45	0	65	7	0	11	129	60	10	28	129	18	0	0	5	1	1	77	33	2	0	0	0	0	0	9	0	0	0	87	129	18	0	0	96	0	0	54	100	4	0	38	129	0	0	0	1	0	0	75	9	0	0	0	0	0	0	6	
57	78	1	0	23	23	0	0	49	88	18	30	119	9	0	0	44	16	4	20	88	8	0	1	119	22	0	1	5	1	0	0	16	38	6	2	85	89	0	0	18	63	96	96	45	10	0	0	106	46	29	57	31	3	0	2	119	37	0	2	8	1	0	1	2	2	1	0	119	119	0	1	19	5	6	13	95	77	2	3	119	8	3	4	33	25	3	13	119	9	0	0	13	4	0	7	0	0	0	0	78	80	0	0	8	5	1	0	85	88	4	5	73	2	0	1	19	18	10	40	119	7	0	1	13	1	0	6	
0	0	0	0	118	34	0	0	43	12	0	0	146	36	0	0	146	39	0	0	8	1	0	0	21	3	0	0	0	0	0	0	0	0	0	0	146	19	0	0	45	4	0	3	146	20	0	1	146	24	0	1	17	1	0	2	36	4	0	0	0	0	0	0	0	0	0	1	146	10	0	0	39	1	0	4	146	19	1	7	146	5	0	0	16	2	1	30	37	1	0	0	0	0	0	3	0	0	0	15	118	1	0	0	44	1	0	31	146	1	0	3	146	1	0	2	8	0	0	18	22	0	0	0	0	0	0	2	
0	0	0	3	16	0	0	1	5	0	0	29	146	0	0	1	146	1	0	7	52	1	0	39	121	0	0	0	0	0	0	25	0	0	0	4	33	1	0	0	15	2	1	41	146	2	0	1	146	9	1	10	41	0	0	9	146	3	0	0	0	0	0	4	0	0	0	0	40	2	0	0	19	1	0	4	146	11	0	1	146	10	0	1	42	2	0	8	146	10	0	0	0	0	0	1	0	0	0	0	27	2	0	0	12	1	0	1	146	29	0	0	146	27	0	0	35	8	0	0	116	23	0	0	0	0	0	0	
58	34	58	18	3	25	30	41	67	37	29	85	33	0	0	21	78	62	35	35	42	0	0	0	104	2	1	4	81	0	0	4	39	0	0	22	69	42	34	71	56	13	5	124	124	4	2	29	124	37	4	26	50	2	1	6	124	6	0	1	94	4	0	1	41	0	0	36	94	1	0	42	27	2	0	42	124	31	49	35	124	5	0	2	33	12	27	44	74	42	6	6	105	11	1	1	28	2	1	31	72	1	0	25	40	16	4	25	60	15	19	38	112	1	1	4	25	20	11	23	22	11	2	2	42	54	34	8	
53	15	0	0	4	9	16	30	52	2	0	6	107	7	5	20	157	6	0	1	16	1	0	13	42	1	0	0	0	0	0	3	67	93	2	4	33	22	1	6	61	36	6	44	145	2	1	4	157	41	1	6	17	0	0	4	60	6	0	0	0	0	1	2	20	63	16	4	99	75	0	0	73	49	48	56	53	1	0	8	157	7	1	4	8	0	0	46	62	1	0	0	0	0	0	7	0	3	7	1	141	125	0	0	108	23	26	6	30	23	0	2	157	11	1	0	0	0	0	16	37	2	0	0	0	0	0	3	
0	0	0	10	115	10	0	0	50	4	0	14	94	26	10	11	18	75	0	1	10	101	7	3	8	115	0	0	2	18	0	0	1	0	0	55	115	2	0	0	88	13	10	35	102	3	0	6	23	18	39	63	28	48	0	1	1	115	23	8	9	65	1	0	0	0	8	115	86	0	0	0	25	46	76	109	46	1	4	7	30	72	64	47	91	38	2	6	11	115	39	9	36	43	3	3	2	2	27	104	20	1	4	10	12	8	6	65	35	14	62	115	48	20	3	2	27	81	47	41	20	24	2	1	21	95	18	21	
0	76	65	23	12	21	0	0	50	17	36	115	86	20	6	12	115	5	1	8	6	1	2	44	105	2	0	0	0	0	2	63	9	115	64	10	15	37	30	5	51	55	7	18	21	72	91	56	115	25	0	1	14	28	39	50	115	48	0	0	1	1	0	1	10	37	23	1	2	48	115	14	73	49	18	0	2	9	57	73	39	33	9	1	44	72	8	11	93	115	0	0	8	14	0	0	0	12	19	0	0	64	115	1	4	46	48	0	0	60	87	5	2	44	67	7	14	38	30	2	82	44	13	9	12	10	5	26	
21	111	58	0	0	0	1	1	0	59	111	1	0	0	1	0	0	4	111	47	0	0	3	2	0	19	111	44	1	2	7	2	5	72	94	3	11	69	16	4	62	84	106	1	1	3	20	28	9	11	82	20	2	1	78	37	3	6	23	50	30	10	38	24	5	8	10	55	65	111	46	27	78	43	66	58	3	10	27	72	48	71	47	45	8	0	9	16	30	2	2	84	24	0	2	94	0	0	2	102	29	7	15	13	55	7	31	102	16	7	13	81	75	10	8	43	16	0	0	79	60	0	0	16	5	0	0	111	
0	0	0	0	112	29	0	0	41	11	0	0	145	42	0	0	145	52	0	0	11	3	0	0	17	5	0	0	0	0	0	0	0	0	0	2	143	15	0	0	34	7	0	7	145	18	0	0	145	31	0	2	29	1	0	3	41	2	0	0	0	0	0	1	0	0	0	8	145	2	0	0	39	1	0	24	145	4	0	5	145	2	0	3	26	1	0	29	37	0	0	0	0	0	0	4	0	0	0	14	129	0	0	0	42	0	0	28	145	1	1	9	145	0	0	2	10	0	0	32	21	1	0	0	0	0	0	2	
0	0	0	2	28	1	0	0	15	1	0	23	146	3	0	2	146	2	0	6	34	1	0	19	124	2	0	0	0	0	0	8	0	0	0	2	41	1	0	0	28	2	0	17	146	6	0	2	146	9	0	3	36	1	0	14	146	6	0	0	0	0	0	3	0	0	0	0	37	4	0	0	27	2	0	2	146	45	0	1	146	28	0	0	36	10	0	3	141	24	0	0	0	0	0	1	0	0	0	0	13	5	0	0	7	2	0	0	146	63	0	0	139	51	0	0	48	17	0	0	112	38	0	0	0	0	0	0	
19	64	62	29	12	7	2	2	54	123	46	0	0	0	1	2	5	123	123	0	0	0	1	1	15	102	24	0	0	0	0	0	42	17	4	5	39	101	18	17	112	44	15	1	11	8	20	41	49	106	78	31	58	19	14	15	123	123	16	5	1	1	1	12	15	3	2	9	69	88	18	7	76	34	40	14	25	17	15	20	66	27	23	13	47	36	36	54	123	72	37	25	2	3	12	36	40	13	9	21	39	19	10	7	38	6	10	11	57	17	40	105	32	8	5	2	3	51	81	93	4	14	20	36	18	25	9	5	
17	12	5	5	8	23	30	42	6	56	73	73	25	7	4	2	47	15	58	121	39	6	10	11	42	16	8	11	40	10	7	15	1	3	10	48	122	63	35	23	53	36	37	59	69	26	19	14	27	16	15	23	73	34	41	15	72	73	18	7	16	3	4	12	1	1	1	16	122	122	17	3	54	15	15	16	45	113	73	32	12	9	21	49	114	37	9	2	58	100	17	18	36	9	2	3	0	0	0	0	14	99	25	0	0	0	1	1	12	122	122	0	0	0	2	3	76	122	29	1	15	13	5	3	20	53	61	27	
29	17	1	2	0	0	0	2	0	2	25	23	0	0	0	0	2	24	34	5	0	0	0	0	1	6	1	1	3	0	0	0	33	2	0	35	14	0	0	18	9	20	73	148	51	0	0	0	143	146	90	48	2	0	0	2	36	18	0	2	8	0	0	0	4	0	0	128	79	0	0	4	56	8	9	148	148	10	4	20	148	29	9	20	7	1	2	61	64	4	0	3	13	0	0	4	0	0	1	148	99	0	0	0	57	5	9	61	59	16	5	21	148	2	0	0	1	2	2	56	35	2	0	2	15	0	0	3	
0	0	0	0	90	147	3	2	61	32	12	6	46	54	4	13	147	59	2	0	0	0	0	1	28	3	0	0	58	13	0	1	0	0	0	0	86	133	0	0	68	22	6	6	147	147	8	12	147	46	2	1	5	13	6	29	48	3	0	0	33	18	0	2	7	9	0	0	17	47	1	0	14	0	0	0	57	147	75	30	144	1	0	0	1	34	73	147	24	0	0	0	1	8	1	14	30	42	0	0	0	3	0	0	1	1	0	0	0	29	26	3	1	0	0	0	0	5	30	28	1	0	0	0	0	1	1	4	
6	4	0	1	0	0	0	0	0	3	19	16	0	0	0	0	1	18	22	4	0	0	0	0	1	3	1	0	0	0	0	0	7	2	0	28	13	0	0	3	14	28	78	154	57	0	0	0	144	148	83	43	2	0	0	1	22	12	0	0	1	0	0	0	0	0	0	123	77	0	0	1	78	11	9	154	154	13	8	17	154	31	8	20	7	2	2	44	44	5	0	0	1	0	0	2	1	0	1	135	109	1	2	2	62	1	3	53	65	33	24	25	154	1	0	1	3	5	3	47	26	3	0	0	2	0	0	1	
3	2	1	0	95	153	1	2	56	36	34	18	58	60	1	5	153	53	8	4	1	0	0	0	26	2	0	0	16	4	0	1	0	0	0	0	74	121	1	0	74	18	11	7	153	153	9	10	153	45	3	1	7	21	8	33	42	3	0	0	6	4	1	2	1	2	0	0	12	31	2	0	13	0	0	0	57	153	74	28	138	2	0	0	3	44	80	153	20	0	0	0	0	1	1	11	12	17	0	0	0	1	1	0	0	0	0	0	0	18	19	2	1	0	0	0	0	4	23	17	0	0	0	0	0	1	1	2	
114	29	0	0	2	0	0	1	128	37	0	4	24	1	0	0	150	52	0	0	1	0	0	0	31	6	0	0	0	0	0	0	124	38	1	0	3	3	1	7	149	36	7	14	9	2	1	8	150	48	1	1	1	0	0	4	60	7	0	0	0	0	0	0	145	2	0	2	6	4	1	29	149	3	1	7	15	10	2	32	150	5	0	0	1	1	0	54	60	2	0	0	0	0	0	6	107	1	0	4	5	0	0	54	120	1	1	12	17	0	0	41	150	0	0	0	0	0	0	73	28	1	0	0	0	0	0	6	
0	9	1	1	28	110	2	0	58	132	2	0	32	45	0	0	91	127	1	0	0	0	0	0	4	3	1	1	0	1	2	0	1	1	2	14	121	46	0	0	76	43	2	2	132	55	0	2	132	95	0	0	6	2	0	6	30	4	0	0	0	0	6	4	7	1	0	29	125	7	1	13	80	2	0	13	132	29	2	25	132	5	0	1	8	2	0	72	32	0	0	0	0	0	1	11	12	0	0	29	70	1	2	22	76	0	0	35	114	2	3	77	132	0	0	1	1	0	0	109	8	1	1	0	0	0	0	5	
0	1	25	12	32	0	0	0	11	1	4	24	135	2	0	3	135	6	1	3	34	2	0	16	28	6	6	13	14	0	0	0	0	42	135	89	10	0	0	0	25	38	104	135	102	0	0	1	135	32	8	20	13	0	0	5	29	4	1	12	36	0	0	0	0	25	75	59	26	57	29	1	76	39	107	45	3	10	29	40	135	12	5	5	0	0	2	56	24	2	0	7	48	6	0	1	7	0	0	0	2	103	116	10	17	1	1	0	0	25	135	94	59	1	0	0	0	0	24	101	7	1	1	0	8	9	1	2	
1	140	99	0	0	8	6	0	0	124	108	1	0	0	0	0	1	44	16	2	0	0	0	0	0	1	1	0	0	0	2	0	1	95	65	2	3	53	18	0	22	140	101	3	23	44	3	0	140	140	19	0	2	0	0	2	16	5	0	0	0	2	2	1	41	70	25	26	46	41	3	8	114	44	5	12	83	20	1	23	140	30	0	1	8	1	0	59	29	1	0	1	1	3	1	6	44	2	14	35	12	7	33	53	112	1	3	24	44	5	2	70	140	0	0	0	2	0	0	90	10	0	0	1	2	0	0	3	
1	57	83	0	0	20	48	2	1	121	62	0	0	15	38	1	2	64	10	0	1	71	61	0	0	3	1	0	13	121	39	0	0	6	5	0	16	121	121	0	19	104	19	2	81	121	18	1	115	121	6	1	6	3	0	4	12	6	1	1	34	54	2	3	0	0	0	40	85	30	10	0	32	4	0	51	121	39	2	25	121	13	0	0	13	4	1	83	21	0	0	4	33	7	2	10	0	0	0	104	87	0	0	0	61	1	0	78	65	1	0	46	91	0	0	0	1	1	0	83	4	0	0	16	38	0	0	4	
43	0	0	3	2	0	0	28	1	0	0	89	56	0	0	1	29	1	0	84	64	0	1	62	66	0	0	2	2	0	0	120	39	8	3	11	15	0	0	5	10	2	1	105	120	9	0	0	120	19	2	39	32	3	0	77	84	15	2	0	0	0	0	78	40	55	2	2	11	7	1	1	8	3	0	7	120	120	3	1	112	120	12	1	23	84	7	6	28	120	87	0	0	2	1	2	13	120	31	0	0	4	1	0	0	73	48	0	5	81	5	0	1	23	24	0	2	120	44	0	0	47	57	0	0	55	52	0	
1	14	151	86	11	1	1	1	25	9	62	110	50	1	1	5	151	2	1	13	20	0	0	25	56	0	0	0	0	0	0	8	1	19	88	18	9	34	74	2	40	18	58	57	17	21	44	16	151	27	7	15	5	1	8	27	70	4	0	0	0	0	0	1	0	1	5	0	0	96	151	0	10	2	10	7	2	100	151	30	138	5	1	2	0	5	124	151	35	1	0	0	0	0	0	17	1	0	0	0	0	6	15	1	0	0	0	0	0	11	53	3	2	0	0	0	0	1	33	22	1	0	0	0	1	0	0	5	
0	1	32	3	0	0	0	0	0	1	52	11	1	0	0	0	1	18	34	3	0	0	0	0	0	5	2	0	0	0	1	0	0	8	154	27	0	5	13	0	8	24	154	74	5	13	5	1	126	154	135	11	1	2	0	2	33	22	3	0	0	0	0	0	1	4	47	12	36	94	73	1	38	16	48	22	50	65	21	13	154	35	11	3	12	11	2	61	66	4	1	0	0	0	0	8	1	1	1	4	138	134	20	2	50	3	2	8	100	34	14	15	154	0	0	2	16	1	0	58	31	0	1	0	0	0	0	6	
0	4	29	3	1	0	0	0	1	0	10	123	65	0	0	0	12	1	46	125	40	0	16	53	2	11	63	18	29	14	39	30	0	36	125	12	1	5	21	0	12	8	125	125	44	7	19	5	125	22	11	54	25	1	12	61	19	1	0	23	125	33	13	16	0	10	58	3	0	29	125	0	6	5	43	23	3	37	125	21	76	9	7	4	1	2	70	95	11	1	1	0	39	59	11	6	10	55	125	1	0	2	9	7	2	43	125	0	0	3	36	9	3	52	102	0	0	5	19	7	9	36	12	3	2	3	2	1	
37	30	2	9	56	18	36	15	11	14	18	2	0	19	126	39	11	6	11	1	1	0	31	55	2	1	10	40	16	2	2	2	16	58	14	1	43	126	41	0	11	57	126	26	9	49	25	1	69	95	74	9	8	4	1	2	21	7	2	45	110	0	0	4	0	1	1	0	8	123	74	0	18	5	13	8	126	126	50	6	126	21	6	4	44	26	3	31	36	9	3	37	126	0	0	2	0	0	0	3	24	4	1	0	17	0	0	27	126	15	1	3	126	0	0	8	62	4	0	23	11	5	8	46	126	1	0	2	
12	0	0	25	37	14	17	90	23	0	0	51	14	2	3	115	26	0	1	115	31	0	0	71	40	0	0	10	3	0	0	115	20	0	1	20	14	2	7	115	15	3	2	115	94	18	4	26	115	40	4	64	17	5	4	92	61	27	0	0	0	0	0	75	2	1	6	3	9	7	10	31	5	3	5	13	58	115	47	3	88	114	1	3	24	85	50	9	80	115	0	0	3	2	0	1	0	7	62	70	13	1	0	0	1	95	95	12	4	13	7	0	22	31	12	20	82	39	6	12	115	30	0	1	13	3	0	38	
4	29	22	4	39	63	4	0	132	132	9	0	13	7	0	3	87	50	5	62	6	0	0	1	5	2	6	132	25	0	0	1	45	19	8	29	91	24	0	7	132	38	6	20	39	8	0	34	109	23	19	132	21	0	0	10	52	7	24	132	8	0	0	10	39	15	2	50	83	17	3	5	119	113	49	36	20	11	7	5	32	31	62	132	13	0	1	41	49	2	6	63	11	0	1	55	14	26	5	2	14	44	14	1	4	15	21	3	3	43	52	12	12	4	19	23	1	1	19	84	25	1	1	30	6	0	1	83	
2	32	122	61	0	1	1	3	1	83	122	33	2	2	5	3	11	122	35	1	0	0	0	0	4	11	0	1	0	0	0	0	13	19	64	19	9	24	45	62	17	46	44	95	94	20	18	35	122	122	33	28	10	3	1	13	59	30	3	11	11	0	0	0	44	57	5	4	13	12	19	17	17	10	17	30	99	122	51	19	122	94	20	6	7	40	68	45	28	103	93	25	14	4	5	1	64	17	21	44	23	2	3	16	20	77	75	46	13	18	21	26	12	76	14	0	0	32	67	10	0	26	51	8	1	35	53	2	
2	0	0	119	27	0	0	14	23	2	8	62	10	0	0	119	26	2	11	15	0	0	0	96	43	0	2	2	0	0	0	119	42	8	2	96	15	2	2	56	37	13	33	30	20	16	6	58	119	28	20	8	1	2	3	97	67	15	0	0	0	0	0	118	52	51	5	7	7	46	46	11	21	70	19	4	15	40	31	17	119	91	8	1	1	5	18	43	40	119	4	0	0	0	0	3	1	5	1	0	0	119	97	0	2	47	12	0	0	118	75	1	8	119	37	0	1	37	11	3	16	119	8	0	0	1	0	0	
92	0	3	24	8	0	1	89	2	2	95	77	8	0	7	18	1	6	128	8	0	2	21	6	0	8	128	4	0	4	17	0	128	23	1	51	69	0	0	8	52	2	22	73	57	1	42	118	11	3	33	3	0	11	128	74	0	3	29	1	0	28	128	0	112	79	3	13	77	2	0	1	128	40	1	6	55	3	4	38	80	17	0	0	0	1	46	26	0	0	0	0	2	9	57	0	51	91	8	7	16	2	22	14	128	50	4	8	18	1	8	20	106	24	0	0	0	0	0	6	1	0	0	0	1	1	0	0	
11	0	0	42	76	0	0	7	102	0	0	38	67	1	0	83	101	0	0	0	0	0	3	84	1	0	0	0	0	1	13	4	15	4	1	50	123	7	0	2	123	48	5	20	42	4	0	59	72	31	41	0	0	0	0	29	0	6	36	0	0	0	0	0	9	30	6	5	74	87	6	0	60	111	40	2	19	96	38	1	9	85	123	0	0	13	25	0	8	63	123	1	1	3	3	0	1	119	114	0	1	25	10	0	0	24	123	6	3	63	41	0	0	5	123	39	5	35	52	0	59	26	50	24	6	10	6	10	
0	42	127	9	0	0	0	0	1	127	127	3	0	0	0	0	11	121	19	0	0	0	0	0	3	8	0	0	0	0	0	0	3	22	89	25	20	12	1	0	31	127	84	35	21	0	0	2	127	127	14	2	1	0	0	6	30	25	15	14	0	0	0	0	10	13	16	32	93	19	1	5	95	26	20	41	15	0	0	46	127	48	65	12	1	0	0	79	24	14	127	86	0	0	0	1	1	1	3	17	73	39	0	0	66	50	21	10	9	11	6	15	42	56	127	13	0	0	2	17	4	25	100	21	0	0	2	14	
9	53	19	3	3	36	11	1	49	128	0	0	10	27	5	1	94	128	0	0	0	0	0	0	5	2	0	0	0	1	1	1	46	65	5	11	40	20	5	28	100	58	2	10	75	15	2	17	128	95	1	1	5	0	0	17	23	6	0	2	1	0	0	1	28	2	1	51	43	4	24	128	107	13	3	61	69	4	5	92	128	22	5	0	3	0	0	128	15	3	6	1	1	2	2	7	43	8	1	35	36	47	16	27	85	64	7	31	15	45	54	19	61	128	97	0	0	3	18	22	1	36	128	7	0	0	6	2	
2	94	38	1	1	26	23	1	22	132	39	0	1	11	3	0	35	102	1	0	0	0	1	1	1	1	0	0	1	1	1	0	19	93	19	3	14	26	10	4	78	131	4	2	52	33	3	4	132	132	0	0	3	1	0	6	15	8	0	1	2	1	1	1	57	19	2	14	70	17	6	94	107	21	2	29	95	16	4	52	132	52	16	1	5	1	0	67	20	6	45	5	0	1	2	6	84	5	0	23	43	14	5	50	40	39	4	45	58	35	54	14	68	130	97	1	0	1	46	15	2	13	132	10	0	0	28	12	
2	6	72	22	2	9	58	18	10	45	45	3	4	17	12	18	2	6	22	36	13	42	45	0	1	10	56	12	3	30	65	0	9	17	78	42	88	85	28	5	117	117	53	13	23	9	3	19	33	14	22	69	115	9	9	27	14	13	53	14	13	7	98	98	5	0	0	0	90	117	57	10	96	16	14	12	11	72	117	49	40	7	18	49	23	5	71	117	46	0	0	1	2	2	42	117	0	0	0	0	1	52	28	0	0	0	0	0	0	44	117	6	1	0	0	0	0	2	110	70	3	0	0	0	0	0	5	30	
0	0	42	84	8	0	3	2	3	1	123	94	0	0	3	18	1	1	81	58	0	0	50	65	0	0	26	23	0	0	110	73	4	0	20	70	87	82	4	8	88	2	32	26	5	15	19	124	23	1	3	1	0	0	113	124	0	0	0	0	0	0	98	80	4	1	0	4	82	113	3	4	124	35	0	3	38	32	4	42	124	19	0	0	0	0	7	35	2	0	0	0	0	0	4	5	2	1	4	81	62	5	1	4	124	10	0	24	38	2	1	55	123	4	0	0	0	0	0	19	2	0	0	0	0	0	0	0	
4	0	0	66	61	0	0	3	100	1	1	47	45	0	0	81	114	0	0	0	0	0	0	111	7	0	0	0	0	0	0	7	14	5	1	109	112	0	0	1	124	45	2	27	17	0	0	54	105	43	6	0	0	0	0	40	2	5	1	0	0	0	0	1	10	5	0	37	111	63	46	3	103	124	14	5	6	22	65	11	20	124	56	0	1	7	3	1	7	89	5	0	0	0	0	0	0	0	1	0	5	46	66	1	1	8	2	0	9	85	103	2	27	119	13	0	38	77	8	0	93	117	1	0	1	1	0	0	
0	3	63	18	8	2	0	0	4	6	32	55	125	13	0	0	75	57	6	23	53	1	0	0	102	44	4	11	8	0	0	0	0	11	125	81	1	1	7	3	13	17	125	125	33	9	14	7	125	42	16	47	17	1	3	13	125	37	3	18	9	0	0	0	2	20	42	42	3	2	20	11	12	58	48	10	2	21	63	25	67	12	59	36	2	3	21	46	125	19	15	26	3	0	0	32	21	11	11	25	12	6	33	46	13	40	34	1	0	32	125	34	9	7	62	12	0	14	125	78	86	3	6	3	0	0	18	125	
0	0	0	113	75	33	56	7	22	9	1	29	54	13	25	50	70	13	1	11	20	2	5	39	113	14	0	1	1	0	0	40	28	0	1	113	90	9	4	41	21	2	3	52	40	23	28	70	113	26	6	31	17	7	7	96	109	34	8	0	0	0	0	109	42	3	0	3	66	113	21	23	42	16	0	6	20	86	45	15	77	64	5	3	4	59	87	17	25	113	71	0	0	6	27	6	3	1	0	0	7	113	64	2	11	16	0	0	0	91	104	4	10	23	0	0	0	36	84	6	4	22	8	0	0	13	85	5	
1	0	0	40	128	0	0	0	128	0	0	22	76	0	0	44	118	0	0	0	0	0	0	35	2	0	0	0	0	0	0	1	5	0	0	41	128	3	0	1	128	17	0	16	64	1	0	39	106	18	0	0	0	0	0	20	1	1	0	0	0	0	0	0	3	1	0	5	128	99	0	0	83	119	7	2	32	90	4	2	27	128	33	0	0	4	0	1	0	47	10	0	0	0	0	0	0	0	0	0	30	114	1	0	0	16	3	0	6	128	14	0	0	128	31	0	0	94	13	0	0	128	34	0	0	7	1	0	
12	102	16	1	16	30	7	1	107	130	2	0	5	3	0	0	27	24	0	0	2	1	1	1	0	0	0	6	3	1	1	0	64	29	4	7	56	25	3	35	130	84	9	4	28	11	0	22	87	28	71	14	0	0	2	7	0	0	61	98	4	0	2	1	55	10	2	32	89	27	22	42	87	130	54	16	27	11	68	23	16	53	130	31	0	0	55	37	1	1	119	69	0	0	54	82	37	57	11	1	10	27	45	5	4	19	41	0	2	9	130	32	2	11	60	1	0	0	100	66	1	4	54	10	0	0	53	67	
2	0	0	23	126	0	0	1	126	0	0	7	69	0	0	21	57	0	0	14	2	0	0	7	0	0	5	91	4	0	1	4	6	1	0	32	126	2	0	1	126	25	7	10	61	1	0	20	41	10	16	111	13	0	0	8	12	0	0	110	14	0	2	114	2	1	0	7	126	98	25	0	38	52	25	5	26	63	124	4	7	16	48	68	3	5	89	86	29	0	0	15	2	0	8	126	0	0	0	0	5	49	33	0	0	0	0	0	0	46	126	1	0	0	0	0	0	7	126	54	2	0	0	0	0	0	16	58	
14	121	87	2	2	1	4	3	37	121	48	1	0	0	0	0	10	14	1	0	0	0	0	0	0	0	0	0	0	0	0	0	38	34	27	16	47	17	15	18	121	115	24	15	12	6	7	36	46	40	93	61	0	0	0	1	3	66	41	3	0	0	0	0	34	20	19	7	15	18	46	70	78	53	42	37	11	12	19	34	20	57	121	121	33	3	5	29	110	121	47	13	2	1	3	57	74	10	0	0	5	62	45	54	1	1	7	31	21	121	68	6	4	1	3	35	23	13	86	121	28	2	0	1	1	1	8	108	
7	5	59	118	20	3	2	0	10	8	79	72	43	24	5	1	9	16	17	27	63	36	25	28	4	14	15	9	13	54	24	13	31	35	12	68	118	15	0	1	104	48	9	7	8	25	41	55	17	18	18	17	32	118	115	26	13	24	12	7	7	23	92	118	19	19	3	4	118	118	64	28	118	38	1	1	5	17	67	118	42	1	0	0	0	90	103	28	1	0	0	0	0	15	118	69	0	0	0	0	3	41	71	13	6	0	0	0	0	4	66	70	3	0	0	0	0	0	3	10	0	0	0	0	0	0	3	1	
70	18	5	18	26	1	0	18	141	6	1	10	36	1	0	23	141	7	0	0	0	0	0	16	5	2	0	0	0	0	0	0	46	9	30	65	25	9	4	37	141	29	17	29	8	1	1	56	141	12	0	0	0	0	0	42	8	3	0	0	0	0	0	0	23	48	4	15	27	78	39	8	141	130	3	3	1	33	33	18	141	141	0	0	0	0	0	3	12	9	0	0	0	0	0	0	15	123	1	0	3	18	9	1	36	94	0	0	5	65	13	2	108	141	0	0	1	11	1	0	30	59	0	0	0	0	0	0	
0	0	0	117	101	0	0	0	117	0	0	41	56	0	0	55	93	0	1	65	18	0	0	50	1	2	30	88	10	1	21	21	6	0	1	117	44	4	1	1	117	9	1	25	12	1	1	40	92	4	1	86	87	0	0	25	71	0	0	23	14	1	28	107	4	1	0	13	32	80	33	2	117	51	3	8	9	15	26	15	99	24	6	44	78	0	1	22	117	0	0	1	4	0	0	51	0	0	0	0	1	84	111	0	16	6	2	2	1	77	117	11	49	5	3	13	7	20	54	58	74	0	0	0	0	0	2	49	
0	0	31	69	51	12	4	0	0	1	106	51	2	5	16	1	0	0	104	34	0	2	30	4	0	0	76	24	1	1	38	10	2	0	8	47	130	33	1	2	52	4	71	51	40	6	30	106	10	1	46	10	0	0	130	103	0	0	17	5	0	0	130	60	5	0	0	0	130	68	0	1	130	35	0	0	72	21	5	47	90	16	0	0	0	0	41	45	0	0	0	0	0	0	29	10	1	0	0	0	130	57	0	0	130	46	0	0	90	29	0	0	116	42	0	0	0	0	0	0	1	1	1	0	0	0	0	0	
13	0	0	10	100	2	0	10	133	0	0	10	66	0	0	29	119	0	0	0	0	0	0	18	1	0	0	0	0	0	0	0	13	1	0	19	121	2	1	10	133	38	4	17	65	0	0	24	98	38	38	0	0	0	0	10	0	6	38	1	0	0	0	0	6	1	0	10	105	41	13	9	46	109	31	11	54	48	55	2	13	97	133	0	0	7	44	1	0	33	133	1	0	3	22	0	0	0	0	0	9	61	100	3	1	2	2	0	3	70	133	1	0	4	17	0	0	39	133	0	0	4	26	0	0	25	133	0	
69	0	0	14	127	0	0	8	98	1	0	13	71	0	0	12	139	0	0	3	21	0	0	18	52	1	0	0	0	0	0	2	96	1	0	13	139	0	0	6	124	3	1	24	82	0	0	6	139	2	0	5	16	0	0	16	55	3	0	0	0	0	0	2	98	2	0	8	139	0	0	3	120	3	0	10	91	1	0	6	139	1	0	1	14	0	0	18	50	1	0	0	0	0	0	5	73	0	0	1	122	1	0	5	96	1	0	4	64	0	0	6	139	0	0	0	8	0	0	17	33	0	0	0	0	0	0	4	
0	6	125	1	0	0	0	0	0	13	125	0	0	0	0	0	0	18	125	5	1	0	0	0	6	60	45	2	1	0	0	0	0	12	125	0	0	11	73	0	12	64	125	3	2	30	22	1	65	89	63	9	22	2	0	1	91	61	16	8	21	0	0	0	0	0	3	0	9	46	125	0	38	9	8	3	102	125	46	7	125	17	2	9	45	9	1	17	125	3	0	9	35	0	0	5	0	0	0	1	35	8	6	0	35	0	0	15	125	10	1	4	125	0	0	8	50	1	0	15	125	1	0	7	27	0	0	3	
103	0	0	8	88	1	0	10	101	1	0	12	68	0	0	7	141	4	0	2	9	0	0	3	38	2	0	0	0	0	0	1	141	2	0	10	105	1	0	7	122	6	0	23	88	0	0	3	141	7	0	3	10	0	0	4	50	1	0	0	0	0	0	5	129	0	0	1	103	4	0	18	114	1	0	6	108	2	0	9	141	3	0	1	11	0	0	7	49	2	0	0	0	0	0	2	110	2	0	3	79	1	0	5	89	2	0	7	88	1	0	3	141	4	0	1	9	0	0	0	40	4	0	0	0	0	0	0	
0	0	8	10	0	0	0	0	0	3	59	11	0	0	0	0	0	18	27	0	0	0	0	0	0	2	0	0	0	0	0	0	1	3	25	93	81	3	0	0	14	49	146	143	53	11	0	1	135	146	109	6	1	1	0	5	19	12	0	0	0	0	0	1	3	22	58	73	134	12	2	1	58	13	20	48	146	104	7	15	146	36	8	2	10	15	3	43	42	2	0	0	0	0	0	3	1	10	44	36	7	4	42	7	38	0	2	50	80	25	24	40	146	0	0	3	15	3	2	95	23	0	0	0	0	0	0	4	
0	0	133	133	2	0	0	0	4	24	133	118	1	0	0	0	2	22	96	55	1	0	0	0	12	103	44	9	0	0	0	0	2	1	26	127	28	57	12	0	62	28	32	53	7	8	4	17	19	25	29	51	18	0	0	8	56	51	14	7	1	0	0	3	7	7	1	8	12	133	88	2	30	16	20	12	24	133	46	6	29	14	32	39	24	15	1	13	102	27	12	5	4	3	1	22	43	61	0	0	2	78	18	1	2	2	1	1	86	133	8	0	34	22	4	2	57	109	2	4	89	25	3	2	4	9	14	21	
1	132	65	1	2	23	12	0	1	132	132	0	1	4	1	1	0	58	132	5	1	15	5	0	2	18	132	21	7	39	19	1	4	15	15	9	24	48	12	5	25	58	52	2	11	23	20	39	19	34	132	12	22	43	11	14	87	36	92	4	1	2	1	41	3	2	1	2	51	82	21	7	59	7	0	2	13	25	16	25	24	2	0	1	31	43	42	46	95	0	0	0	1	4	15	132	0	0	0	0	45	132	19	2	9	0	0	0	0	23	52	38	27	0	0	0	0	3	42	116	61	0	0	0	0	0	13	132	
1	2	10	17	7	13	38	12	9	4	12	17	27	36	33	23	141	1	2	9	10	12	3	139	81	0	0	8	3	0	0	77	2	6	26	22	30	18	18	5	33	10	37	78	25	13	15	8	141	19	4	12	7	4	2	45	83	4	1	46	24	0	0	12	0	0	6	12	29	128	67	4	26	2	9	15	6	70	102	32	141	20	1	3	2	25	20	29	70	10	2	93	85	0	0	1	0	0	0	0	7	141	72	1	7	0	0	0	11	141	31	24	87	56	11	6	5	61	10	9	26	34	29	94	63	2	0	8	
8	39	118	7	0	6	24	0	2	11	133	27	1	5	14	0	62	96	72	3	0	1	0	1	30	19	1	0	0	0	0	1	0	2	110	42	2	22	68	0	18	14	87	101	11	14	32	1	133	43	17	12	2	2	0	10	80	3	0	0	0	0	0	7	0	0	122	38	1	37	98	0	46	8	65	46	0	22	48	39	133	16	5	2	0	0	3	66	76	3	0	0	0	0	0	7	0	0	0	0	0	78	133	0	6	0	0	0	0	75	133	52	58	0	0	0	0	0	52	133	19	0	0	0	0	0	0	18	
0	0	85	41	0	0	0	0	0	8	115	15	0	0	0	0	0	47	114	0	0	0	0	0	8	64	18	0	0	0	0	0	0	1	115	65	0	0	2	2	8	38	115	80	3	8	11	2	63	115	82	2	1	2	1	3	70	96	6	0	1	1	0	1	1	1	57	29	1	2	106	101	21	9	20	22	39	97	115	44	115	25	4	4	17	25	10	37	115	22	0	4	7	2	0	3	0	0	0	21	8	3	73	63	19	0	0	85	115	23	22	15	114	3	2	26	30	4	0	23	115	8	1	13	7	0	0	4	
