83	6	1	4	23	27	3	21	113	27	19	22	26	12	1	11	143	33	3	0	0	0	0	67	19	1	0	0	0	0	0	35	74	5	1	17	48	24	20	34	122	14	0	0	26	80	25	34	143	59	0	0	1	9	5	29	49	6	0	0	0	0	0	3	10	0	1	8	4	2	143	124	21	0	0	0	1	79	143	106	143	2	0	0	0	13	58	143	32	1	0	0	0	0	0	12	0	0	0	0	0	0	106	37	0	0	0	0	0	3	108	36	3	0	0	0	0	0	34	50	2	0	0	0	0	0	0	4	
72	7	2	8	85	21	1	12	85	16	27	31	30	14	7	24	143	14	8	2	1	1	24	142	8	0	0	0	0	0	95	60	62	3	7	34	40	10	71	53	123	7	0	0	36	85	38	51	143	39	0	0	2	7	9	65	39	4	0	0	0	0	7	10	3	0	1	1	0	5	143	73	14	1	0	0	3	81	143	82	118	5	0	0	0	7	82	143	23	1	0	0	0	0	0	12	0	0	0	0	0	0	73	14	0	0	0	0	0	1	73	21	1	0	0	0	0	0	21	25	1	0	0	0	0	0	0	2	
2	2	4	1	3	3	106	21	31	3	2	11	94	42	50	11	138	13	0	2	19	5	1	3	50	3	0	0	0	0	0	0	2	9	138	20	2	0	1	2	37	13	122	107	61	1	5	16	138	31	6	15	13	0	1	26	70	3	0	0	0	0	0	2	16	4	100	10	8	34	41	62	36	6	51	14	0	0	96	138	127	3	2	2	0	0	50	138	36	0	0	0	0	0	0	17	79	0	0	0	75	32	11	31	138	0	0	0	1	0	17	105	14	0	0	0	0	0	22	52	1	0	0	0	0	0	1	5	
2	127	76	0	0	1	4	4	0	113	72	0	0	0	0	0	0	43	20	0	0	0	0	0	0	4	1	0	0	0	0	0	17	44	24	0	4	65	64	39	7	127	118	6	35	55	9	0	79	127	55	2	2	0	0	3	29	27	1	0	0	0	0	1	19	4	3	44	34	27	11	18	54	20	10	119	127	35	3	5	127	90	6	6	7	0	0	26	60	40	5	0	0	0	0	5	1	0	1	86	81	2	0	2	44	16	2	100	67	3	16	34	78	127	26	1	0	13	24	12	5	127	59	0	0	2	2	0	
40	29	28	16	32	12	5	2	3	68	139	4	5	6	26	16	80	87	102	0	0	0	9	48	70	35	2	0	0	0	0	6	9	44	64	4	10	12	67	3	26	44	82	1	2	18	51	17	142	49	11	0	0	1	9	66	110	2	0	0	0	0	0	13	0	2	4	0	10	26	142	3	57	6	8	4	110	94	84	6	142	8	1	1	12	6	1	17	105	0	0	0	0	0	0	5	3	0	0	4	39	4	13	2	52	0	0	24	142	7	2	3	142	0	0	2	15	0	0	10	79	0	0	0	0	0	0	4	
32	34	23	10	22	2	0	0	5	89	131	6	5	3	3	8	75	111	103	0	0	0	0	24	71	45	4	0	0	0	0	4	5	36	30	6	20	16	56	3	27	42	39	2	3	16	32	12	141	43	4	0	0	1	1	49	140	4	0	0	0	0	0	15	0	1	1	0	8	45	141	2	33	6	3	2	78	111	90	5	141	9	0	0	12	10	2	18	135	0	0	0	0	0	0	7	1	1	2	4	30	7	17	1	27	0	0	22	141	14	3	1	141	0	0	3	20	1	0	10	102	0	0	0	0	0	0	4	
28	77	7	10	13	10	24	65	56	138	6	6	6	2	1	0	31	50	0	0	0	0	0	0	0	0	0	0	0	0	0	0	14	8	18	138	33	6	8	30	138	95	14	40	9	1	0	39	138	34	0	0	0	0	0	19	2	1	0	0	0	0	0	0	29	2	4	70	85	18	22	44	138	138	2	5	0	15	29	37	84	138	0	0	0	1	0	4	3	24	0	0	0	0	0	0	73	9	0	0	82	30	7	16	67	44	0	0	2	83	28	13	27	138	2	0	6	38	1	0	5	138	10	1	0	0	0	0	
0	0	3	2	24	74	74	0	40	5	1	5	49	78	87	6	147	29	0	1	9	7	3	4	60	6	0	0	0	0	0	0	0	0	147	30	3	6	12	1	28	8	61	118	79	14	20	11	147	40	2	15	15	1	5	40	89	7	0	0	0	0	0	5	0	0	67	10	0	0	147	32	7	1	26	27	2	2	147	86	98	2	0	3	0	0	96	147	36	0	0	0	0	0	1	29	0	0	0	0	0	0	110	14	0	0	0	0	0	0	105	19	0	0	0	0	0	0	35	28	0	0	0	0	0	0	1	5	
0	27	119	0	0	0	0	0	0	27	113	0	0	0	0	0	1	35	36	0	0	0	0	0	1	5	0	0	0	0	0	0	10	54	145	1	0	6	28	27	8	87	145	5	4	31	20	1	115	145	85	0	1	2	0	2	37	23	0	0	0	0	0	0	65	3	3	1	8	18	55	107	35	11	14	9	117	107	40	12	145	37	5	1	19	11	1	45	76	3	0	0	0	0	0	9	15	0	0	4	25	3	17	42	45	0	0	32	145	3	0	9	145	0	0	3	17	0	0	53	41	0	0	0	0	0	0	8	
26	21	76	54	18	0	0	0	0	64	138	13	3	0	7	4	0	91	138	0	0	1	10	1	0	60	138	0	0	0	1	0	27	4	5	57	75	0	0	5	78	11	25	9	8	2	76	99	10	23	51	0	0	51	138	30	0	27	83	0	0	64	138	0	42	4	3	61	64	0	0	3	138	25	1	3	2	0	9	36	80	23	1	0	0	20	79	18	0	1	1	1	0	54	106	0	52	3	6	43	9	1	0	5	138	3	0	0	0	0	0	52	58	14	5	0	0	0	0	13	0	12	7	0	0	1	2	0	
3	0	0	42	144	0	0	1	144	0	0	14	72	0	0	53	94	0	0	2	1	1	0	34	1	0	0	12	10	0	0	1	12	1	0	67	144	0	0	1	144	33	11	17	51	0	0	34	74	18	85	32	2	0	0	12	0	13	76	14	5	0	0	0	7	4	0	50	144	10	2	0	75	100	77	11	32	8	7	1	8	30	144	43	1	3	3	0	0	30	144	8	1	1	0	0	0	0	17	22	94	54	17	0	0	4	24	5	8	50	82	0	0	2	35	6	2	50	79	0	0	1	37	4	5	54	18	1	
10	0	0	0	156	20	0	5	93	0	0	0	16	3	42	92	15	0	0	0	0	4	156	41	0	0	0	0	0	1	156	13	26	1	0	0	156	9	0	2	156	3	0	0	24	1	1	29	71	0	0	0	5	3	17	19	6	0	0	6	6	1	17	8	27	1	0	0	156	15	0	1	156	5	0	0	26	2	0	9	82	1	0	0	9	2	0	6	7	0	0	8	16	0	0	1	19	1	0	1	156	8	0	0	156	7	0	1	25	1	0	6	61	1	2	3	11	4	0	5	2	1	4	8	12	1	0	0	
6	2	123	63	1	0	5	14	6	1	91	56	0	0	50	57	1	0	48	22	0	0	123	104	0	0	15	4	0	0	123	89	49	14	18	12	16	9	6	25	123	21	9	4	1	1	28	109	48	2	0	0	0	0	114	123	0	0	0	0	0	0	88	54	41	5	1	7	22	13	42	46	123	34	1	1	1	8	39	58	123	22	0	0	0	0	5	30	1	0	0	0	0	0	4	3	2	0	0	1	1	3	123	86	40	2	0	0	0	3	123	118	43	2	0	0	0	0	4	45	1	0	0	0	0	0	0	0	
20	90	14	28	54	2	0	0	87	1	3	27	116	6	1	82	131	0	0	0	0	0	0	113	14	0	0	0	0	0	0	5	20	93	65	23	28	49	1	1	131	29	21	22	16	1	1	123	130	3	0	0	0	0	0	103	3	0	0	0	0	0	0	3	24	15	9	5	51	131	20	16	131	53	2	0	1	11	20	103	131	21	0	0	0	0	0	25	1	0	0	0	0	0	0	0	3	10	9	7	18	19	61	113	31	0	0	0	1	3	64	131	27	1	0	0	0	0	3	45	0	0	0	0	0	0	0	0	
0	0	48	111	62	3	0	0	0	0	115	95	6	1	16	7	0	0	70	63	4	1	59	14	0	2	8	27	5	1	87	26	5	0	2	18	129	64	1	6	66	1	6	8	20	10	65	116	11	0	1	1	1	0	129	109	0	0	0	1	2	2	129	65	10	1	0	0	129	76	0	1	129	33	0	0	45	16	4	28	80	10	0	0	0	0	25	30	3	0	0	6	16	1	12	7	2	1	0	0	129	53	0	0	129	40	0	0	67	24	0	0	103	20	0	0	1	1	0	1	1	0	0	4	17	1	0	0	
20	0	0	2	69	49	8	4	142	0	0	0	3	2	0	30	73	3	1	0	0	9	6	10	0	0	1	0	0	13	12	0	28	1	0	1	142	20	2	6	142	32	5	0	6	1	1	29	66	33	36	0	0	1	0	3	0	8	26	0	0	3	3	0	13	5	0	0	142	49	21	2	70	110	47	0	4	6	49	5	7	79	142	0	0	3	30	0	0	39	142	0	0	1	15	0	0	0	0	0	17	89	109	0	1	4	4	0	0	16	142	2	0	5	22	0	0	21	142	0	0	5	30	0	0	15	142	0	
12	20	51	25	0	0	17	94	18	12	11	14	0	0	36	144	5	0	0	0	0	0	27	144	0	0	0	0	0	0	10	144	65	14	24	25	15	3	4	53	144	41	22	8	4	1	2	98	66	1	0	0	0	0	7	144	1	0	0	0	0	0	3	34	79	5	1	4	30	34	6	12	144	43	0	1	11	17	2	18	144	15	0	0	0	0	0	16	1	0	0	0	0	0	0	2	19	0	0	0	4	49	84	64	144	6	0	0	2	35	46	111	107	4	0	0	0	0	0	28	1	0	0	0	0	0	0	0	
37	64	22	1	32	14	0	9	12	35	94	64	0	0	16	74	5	3	13	41	0	0	38	134	1	0	0	1	0	0	24	134	49	5	1	0	65	46	3	43	64	19	31	23	9	1	12	107	134	34	20	5	1	0	9	132	21	0	0	0	0	0	10	134	59	2	2	14	87	63	3	7	106	10	5	12	38	29	4	8	134	36	3	2	8	9	0	30	75	6	0	0	0	0	0	26	17	0	7	31	28	5	82	46	38	1	0	0	9	57	70	66	134	12	0	0	3	27	24	77	68	3	0	0	0	0	0	10	
4	45	127	33	5	0	0	0	1	2	149	23	2	0	4	3	0	0	149	12	0	1	14	1	0	0	149	11	0	1	11	0	27	25	21	36	62	1	0	3	78	6	64	18	26	0	49	89	14	0	60	2	0	8	149	40	0	0	45	2	1	14	149	0	22	5	7	29	73	6	13	17	149	22	0	9	30	0	5	23	95	8	2	0	0	1	60	21	0	1	5	1	7	6	68	1	5	1	23	44	15	6	87	9	149	5	0	7	5	1	40	65	80	2	1	0	0	0	0	11	0	0	3	1	7	1	0	0	
3	1	118	80	14	1	1	8	2	1	118	75	0	0	33	34	4	2	69	47	0	0	81	61	0	0	24	12	0	0	109	79	48	8	16	20	85	43	2	25	49	19	35	39	12	4	30	54	118	27	20	8	2	1	39	103	20	0	0	0	0	0	83	109	39	12	6	26	113	54	1	2	85	20	4	11	28	43	5	10	118	61	2	2	6	18	3	29	72	21	0	0	0	0	7	20	9	2	14	36	20	2	84	56	30	3	0	1	4	36	98	84	104	24	0	0	2	29	71	91	63	11	0	0	0	0	1	26	
0	0	58	108	26	0	0	0	0	0	137	63	3	0	4	4	0	0	137	42	0	0	24	4	0	0	137	27	0	0	33	6	3	0	8	45	137	34	0	3	58	1	41	21	32	10	43	98	10	0	25	5	0	1	137	65	0	0	10	2	0	0	137	34	7	0	0	0	137	40	0	1	137	12	0	0	56	10	4	28	69	5	0	0	4	2	34	19	0	0	0	0	3	2	22	3	3	0	0	0	137	24	0	0	137	18	2	0	59	8	0	0	62	14	27	5	2	0	0	0	0	3	33	3	1	0	0	0	
7	0	0	19	141	0	0	1	141	0	0	4	45	0	0	18	63	0	0	0	0	0	1	7	1	0	0	3	8	0	1	1	13	1	0	22	141	0	0	1	141	33	6	3	44	0	0	21	54	23	40	0	0	1	4	8	0	3	23	6	21	3	3	0	4	4	0	11	141	41	9	0	50	100	46	3	31	16	53	4	7	70	141	0	0	5	41	1	0	32	141	12	6	3	19	0	0	0	0	0	40	104	44	0	0	3	2	0	3	34	141	5	0	4	13	0	0	23	141	1	0	4	22	1	0	20	141	0	
72	45	2	0	3	105	19	8	52	56	25	16	71	25	1	6	135	12	2	3	23	9	1	45	59	3	0	0	0	0	0	7	3	14	47	17	29	120	5	2	55	47	55	15	31	82	7	11	135	35	8	3	3	3	3	55	52	3	0	0	0	0	0	8	7	36	75	20	9	25	50	19	31	31	9	2	11	56	68	135	135	8	0	0	0	4	25	135	27	1	0	0	0	0	0	14	2	1	0	0	1	9	135	108	3	1	0	0	0	0	122	135	1	0	0	0	0	0	11	85	1	0	0	0	0	0	0	3	
16	4	50	38	0	0	25	106	14	3	10	31	10	2	23	122	36	1	2	26	11	9	24	95	18	0	0	0	0	2	39	124	16	29	9	8	8	4	48	110	23	14	12	113	84	4	5	39	124	32	8	31	8	1	1	80	61	2	0	0	0	0	0	50	4	38	24	7	4	124	41	1	20	11	24	36	70	39	29	76	124	11	1	2	7	5	7	124	43	1	0	0	0	0	0	20	0	0	1	0	0	124	54	0	5	0	2	2	1	64	124	97	21	0	0	0	0	0	14	124	3	0	0	0	0	0	0	7	
0	0	54	108	19	0	0	0	0	1	127	85	2	0	3	3	0	0	127	62	0	0	23	7	0	0	127	39	0	0	38	11	2	0	11	63	127	33	0	3	50	2	47	34	30	11	33	99	10	0	23	7	0	0	127	85	0	0	6	2	0	0	127	44	4	0	0	0	127	61	0	1	127	18	0	0	52	19	3	29	69	10	2	1	1	2	28	23	0	0	4	1	1	1	18	3	1	0	0	0	127	39	0	0	99	46	10	1	68	16	0	0	41	37	95	15	0	0	0	0	3	24	87	9	0	0	0	0	
4	0	0	30	136	0	0	1	136	0	0	9	58	0	0	25	73	0	0	0	0	0	0	14	1	0	2	18	15	0	0	1	8	1	0	35	136	0	0	1	136	34	5	7	52	0	0	24	60	26	32	1	1	1	2	11	0	2	13	30	77	1	1	0	3	3	0	15	136	54	9	0	47	100	33	4	34	26	56	4	7	83	136	0	0	5	35	1	0	17	119	50	31	3	14	0	0	0	0	0	34	106	43	0	0	2	1	0	2	51	136	2	0	5	12	0	0	33	136	1	0	3	16	5	1	29	136	0	
0	1	61	54	9	0	0	0	1	11	123	9	0	0	0	0	1	39	123	3	1	0	0	0	3	44	17	0	0	0	0	0	8	8	47	123	82	3	0	0	100	37	119	26	17	12	8	21	16	100	100	17	81	28	7	7	15	123	99	2	3	0	1	3	17	3	11	61	51	53	28	29	123	9	0	4	40	30	4	12	39	14	3	5	123	88	10	7	40	69	33	1	8	21	22	29	13	0	0	7	108	19	10	32	123	2	0	3	54	9	1	5	31	1	0	0	9	90	25	4	5	29	6	0	0	96	44	1	
0	0	0	28	120	0	0	0	103	0	0	23	115	0	0	20	68	6	11	2	0	15	6	11	0	3	19	1	1	33	38	0	1	0	0	37	120	1	0	0	120	24	5	27	107	1	0	16	41	14	64	107	19	0	0	5	4	31	120	25	3	1	3	7	0	1	0	10	120	71	10	0	27	47	17	14	60	78	98	4	6	16	29	89	37	36	99	13	21	10	22	14	7	5	60	120	0	0	0	0	9	47	19	0	0	0	0	0	2	63	120	1	0	0	0	0	1	45	120	7	5	0	0	0	0	5	91	92	
0	0	33	42	0	0	0	0	0	1	110	100	0	0	0	0	9	93	111	28	0	0	0	0	15	51	4	0	0	0	0	0	6	4	85	111	48	0	0	0	44	9	107	104	2	13	27	28	57	111	41	18	10	59	32	8	98	111	0	0	1	2	0	0	15	4	8	77	111	6	25	27	111	9	4	4	6	11	26	95	33	20	0	0	63	110	11	13	111	111	0	0	18	21	0	0	0	0	4	14	5	2	70	71	8	1	13	2	0	2	38	80	2	2	12	2	41	61	5	6	53	64	0	0	43	50	0	0	
7	0	0	28	130	0	0	1	130	0	0	7	32	0	0	45	54	9	12	60	101	0	0	15	5	124	62	18	12	0	0	0	21	0	0	54	130	0	0	2	130	18	1	6	37	1	0	31	43	7	3	22	130	42	10	6	1	18	18	8	25	19	57	4	13	4	0	49	130	0	0	0	114	130	29	3	14	0	0	1	12	73	115	6	35	41	18	0	0	17	68	0	2	18	95	4	0	1	0	15	81	38	37	0	2	33	17	0	3	14	63	0	0	36	87	0	0	6	42	1	1	25	87	0	0	2	21	4	
0	32	18	2	2	106	35	0	2	125	48	1	9	47	8	0	22	119	19	1	3	0	0	0	4	6	1	8	116	0	0	0	0	0	104	24	6	45	40	0	24	25	31	52	62	70	15	2	125	70	4	5	13	4	1	10	25	5	0	8	125	3	0	2	0	0	13	3	1	58	125	0	19	1	5	10	52	125	69	6	125	47	13	2	14	36	13	20	16	16	26	28	106	10	5	3	0	0	0	0	5	22	26	0	1	0	0	0	44	125	41	1	13	18	7	0	6	56	125	10	1	6	15	13	9	17	125	2	
1	7	18	82	143	2	1	1	20	21	79	58	51	2	2	9	75	6	86	18	6	0	76	85	3	0	49	7	2	12	143	16	1	1	74	115	87	10	19	4	52	9	13	49	66	14	40	20	143	26	1	5	10	1	22	62	31	3	2	2	16	7	44	10	0	0	41	15	1	0	143	36	11	0	7	16	7	5	143	58	107	2	0	1	1	1	99	138	17	0	0	1	13	2	1	6	0	3	4	0	0	1	77	9	0	1	2	0	0	2	80	9	0	0	1	1	0	8	38	11	0	0	0	0	6	12	5	1	
140	13	3	4	89	1	0	22	76	15	34	1	2	2	10	13	0	7	17	0	1	3	18	0	2	1	0	0	0	1	17	8	54	76	57	10	107	18	9	2	27	86	140	4	1	9	11	1	98	137	100	0	0	1	1	3	32	8	0	0	0	0	0	12	3	6	11	27	58	61	63	3	51	18	38	4	19	59	52	16	140	33	9	0	7	12	4	28	67	2	0	2	2	0	0	8	1	1	0	3	21	124	140	2	42	1	0	1	113	94	43	8	140	1	0	1	25	3	0	7	49	1	0	6	5	0	0	4	
147	51	0	0	8	4	0	0	90	8	0	0	39	35	2	8	147	10	0	0	1	2	1	5	41	3	0	0	0	0	0	0	147	34	0	0	8	4	0	1	130	13	0	0	43	25	1	4	147	20	0	0	4	3	0	3	61	6	0	0	0	0	0	0	147	12	0	0	16	4	0	3	147	6	0	0	41	16	1	6	147	12	0	0	7	3	0	2	72	4	0	0	0	0	0	2	147	0	0	1	18	1	0	10	119	0	0	0	44	7	0	9	147	2	0	0	9	1	0	6	58	1	0	0	0	0	0	4	
80	27	0	0	52	50	0	1	158	91	0	0	4	6	0	0	63	17	0	0	0	0	0	1	1	0	0	0	0	0	0	1	127	39	0	0	61	49	1	3	158	33	0	0	17	16	2	8	132	15	0	0	0	0	0	0	2	2	1	0	0	0	0	0	158	36	0	0	35	28	2	5	158	12	0	0	19	19	2	13	150	10	0	0	0	0	0	0	3	1	0	0	0	0	0	1	158	18	0	0	22	9	0	2	158	12	0	0	20	8	0	3	130	9	0	0	0	0	0	1	3	0	0	0	0	0	0	1	
0	0	4	74	53	0	0	0	5	8	121	104	50	0	0	0	24	30	130	3	0	2	11	19	1	15	130	7	9	19	15	4	0	0	48	130	40	2	3	2	37	12	12	100	83	18	6	2	130	23	7	5	4	5	14	31	15	5	4	12	109	38	20	8	3	0	31	54	6	9	36	96	43	1	1	11	108	87	38	20	130	4	0	1	19	9	0	15	20	1	0	6	120	38	1	2	6	0	0	0	23	4	9	83	36	0	0	4	130	9	4	5	130	0	0	1	24	1	0	10	15	0	0	0	11	46	6	3	
0	0	9	92	12	0	0	0	2	0	39	124	2	0	6	5	58	6	19	64	0	1	7	47	88	9	0	1	0	0	0	96	4	0	2	75	124	9	0	4	51	0	5	56	28	15	44	88	56	35	0	2	7	86	54	29	89	124	0	0	1	7	0	6	10	1	0	0	124	30	0	1	124	22	0	0	45	17	7	29	50	11	0	0	23	124	12	10	29	101	0	0	12	92	0	0	3	0	0	0	124	28	0	0	124	29	0	0	51	10	0	0	77	15	0	0	4	46	1	1	4	11	0	0	12	124	1	0	
1	0	0	33	120	0	0	0	120	1	0	12	57	0	0	7	75	2	0	43	13	0	0	3	2	0	0	120	38	0	0	9	3	1	10	89	118	0	0	0	120	22	8	23	47	0	0	13	52	10	12	120	35	0	0	6	25	0	0	108	27	0	0	90	1	3	59	89	14	7	25	0	35	74	60	38	7	3	32	2	19	13	60	117	8	0	13	70	43	0	0	14	3	0	0	120	1	0	4	4	1	22	120	7	0	3	6	2	0	22	120	3	7	0	5	2	0	2	113	106	13	0	0	0	0	0	3	79	
9	0	0	17	137	0	0	1	137	0	0	3	39	0	0	21	85	1	1	1	0	0	0	6	2	0	3	41	1	0	0	1	18	0	0	26	137	0	0	1	137	19	7	5	36	0	0	19	72	11	52	65	0	0	0	5	0	0	37	137	1	0	3	6	10	4	0	16	137	2	0	2	96	90	44	7	29	1	4	24	10	23	118	83	0	0	30	43	0	0	20	61	1	0	68	86	3	0	2	8	137	16	1	9	31	12	5	1	15	6	6	70	48	8	4	1	0	0	36	119	2	0	0	0	0	0	70	110	
0	128	18	0	0	87	10	0	0	132	28	0	0	7	1	0	1	75	8	0	0	0	0	0	0	5	3	4	8	0	0	0	0	14	38	8	16	132	15	0	17	132	20	10	49	100	3	0	111	132	6	0	3	0	0	2	18	16	1	7	20	0	0	0	0	15	129	27	15	41	37	0	65	10	28	81	78	43	4	12	132	23	1	3	5	1	1	51	31	3	1	11	36	1	1	7	0	0	3	2	26	130	89	0	63	2	1	6	73	97	8	24	132	19	4	0	1	2	2	56	9	4	7	9	50	6	3	6	
14	0	0	9	137	0	0	3	146	0	0	1	5	0	4	96	44	0	0	0	22	57	30	68	5	7	0	0	74	131	2	0	31	0	0	10	146	0	0	1	146	0	0	0	5	0	0	15	98	1	0	0	11	17	0	5	0	0	0	0	87	136	0	0	32	0	0	6	146	1	0	2	146	2	0	0	3	0	0	14	95	3	0	1	2	1	0	3	3	2	0	0	31	65	0	0	29	0	0	4	117	1	0	2	146	0	0	0	2	0	0	16	67	1	0	1	6	0	0	4	8	4	0	0	5	9	0	0	
43	6	1	27	37	1	1	33	39	7	2	28	44	2	4	33	108	108	9	2	5	1	1	21	26	90	5	0	0	0	0	0	21	13	3	74	91	0	1	20	115	39	7	41	42	7	1	11	46	87	21	9	50	50	4	5	115	115	9	0	2	5	2	6	34	5	1	54	115	5	7	19	115	15	5	14	28	3	30	84	29	10	8	11	21	27	90	73	107	13	0	0	2	5	44	115	18	0	0	11	52	12	25	90	19	0	0	0	3	2	107	115	1	0	0	0	0	0	115	88	1	0	0	0	0	0	37	49	
1	0	0	0	131	10	0	0	49	0	0	2	103	12	43	61	10	7	3	1	52	73	97	22	6	48	17	0	39	38	8	6	3	0	0	0	131	2	0	0	131	2	0	0	124	2	2	16	44	0	0	0	53	87	21	12	2	0	0	0	31	79	124	5	2	0	0	0	131	4	0	0	131	8	0	0	127	2	0	2	67	12	2	0	1	25	11	3	0	1	4	0	0	29	59	0	2	0	0	0	131	4	0	0	131	3	0	0	100	3	0	2	51	9	14	20	7	0	0	0	0	3	87	23	3	1	2	0	
0	0	0	76	128	0	0	0	111	0	0	41	74	0	0	65	128	0	0	1	2	0	0	84	5	0	0	4	6	0	0	2	8	1	0	108	128	0	0	1	128	8	0	23	37	0	0	81	128	3	0	4	3	0	0	50	1	0	0	6	5	0	0	0	11	6	1	100	128	0	0	0	128	83	1	11	13	0	0	6	124	41	0	1	4	0	0	3	1	0	0	2	7	1	0	0	4	2	0	52	97	2	8	3	128	67	0	2	4	2	8	3	128	64	0	0	2	0	0	0	3	1	0	0	6	1	0	0	
12	17	8	5	21	26	2	0	136	18	3	4	12	4	0	7	128	10	0	0	0	0	0	4	1	1	1	1	1	0	0	0	12	7	13	7	66	136	0	1	136	16	7	5	5	9	0	37	136	10	0	1	0	0	0	16	1	1	1	4	1	0	0	0	6	1	0	0	91	136	0	1	136	126	0	0	28	80	1	5	91	136	1	1	0	0	0	1	2	8	2	3	0	0	0	0	0	0	0	1	43	98	0	0	22	53	0	0	71	136	0	0	81	136	0	0	5	13	0	0	17	49	1	1	0	0	0	0	
19	1	0	118	109	1	5	20	80	10	1	15	42	31	37	33	144	48	0	1	8	5	2	2	36	5	0	1	0	0	0	7	34	33	18	90	65	0	6	17	64	25	39	69	30	3	27	25	144	45	2	12	8	0	7	43	68	4	0	0	0	0	1	14	63	14	7	29	23	1	90	133	14	4	12	11	0	2	144	118	111	2	0	1	0	0	83	144	31	1	0	1	0	0	6	46	144	30	0	3	2	2	15	37	33	8	3	0	4	4	53	20	22	2	11	1	1	1	15	32	14	2	28	11	0	0	0	12	
0	16	82	1	0	1	1	0	0	30	74	0	0	0	0	0	12	43	27	0	0	0	0	0	6	17	3	1	9	7	1	0	11	52	142	0	0	7	21	16	11	96	142	3	8	21	9	1	96	142	85	0	1	1	0	2	13	49	15	3	7	0	0	1	26	55	30	3	4	55	33	18	58	26	39	25	60	49	11	9	142	43	7	2	8	3	1	44	33	11	5	4	6	1	4	8	0	13	10	2	2	142	41	0	42	29	24	29	14	114	18	3	142	131	84	2	1	9	2	11	7	36	142	11	3	0	1	2	
0	0	3	60	108	32	2	1	33	1	8	90	49	28	12	10	148	2	1	4	3	1	3	15	45	0	0	0	1	0	0	3	0	0	0	1	91	102	0	0	42	9	5	10	119	148	5	5	148	15	3	3	7	8	1	9	56	0	0	0	0	0	0	4	4	8	0	0	40	34	0	0	31	1	0	0	148	148	3	8	148	1	0	0	32	29	3	28	50	0	0	0	1	0	0	7	21	34	0	1	19	6	0	0	19	0	0	2	148	13	0	1	148	0	0	1	55	3	0	7	40	0	0	0	2	0	0	2	
0	0	0	0	133	11	0	1	8	15	0	0	15	4	17	15	61	133	0	0	0	7	11	2	48	133	0	0	1	1	0	0	10	0	0	0	133	12	0	6	77	2	0	0	17	25	47	92	22	46	0	0	21	133	43	15	73	133	0	0	5	15	0	0	22	2	0	0	133	15	0	1	133	41	8	1	20	9	5	17	22	22	23	6	63	129	5	4	33	87	0	0	40	76	0	0	13	1	0	0	133	17	0	1	125	18	7	2	18	6	1	8	19	27	24	18	18	20	3	3	4	14	4	30	71	31	0	1	
7	0	0	25	136	0	0	2	120	0	0	4	37	4	4	46	25	4	2	15	26	25	21	18	7	3	3	67	35	12	9	6	17	1	0	26	136	0	0	1	136	16	4	10	31	5	2	29	29	5	5	111	74	30	7	11	22	0	1	92	29	1	0	62	9	5	0	26	136	0	0	0	77	83	52	26	23	0	0	1	16	14	49	136	25	0	0	36	58	0	0	19	6	0	0	136	0	1	0	25	136	0	0	0	6	14	18	6	18	0	0	14	43	1	12	8	0	0	0	136	45	0	0	0	0	0	0	136	
0	0	45	124	1	1	1	1	12	6	32	127	46	16	3	1	127	27	9	39	30	4	0	1	19	8	10	20	110	10	2	5	8	11	40	95	8	6	20	41	27	4	5	44	127	60	20	12	127	6	1	9	40	16	1	7	30	2	1	7	78	66	22	12	26	92	28	5	15	31	25	15	26	39	2	3	126	103	5	8	127	1	0	3	34	40	6	30	34	2	4	71	53	16	6	6	12	14	1	0	13	127	66	4	19	28	6	14	60	45	4	2	127	2	1	7	43	10	1	8	25	6	1	13	95	23	7	4	
1	0	67	126	11	10	3	2	20	32	76	94	36	15	1	0	115	85	8	3	25	16	0	0	34	18	0	0	110	63	0	0	64	20	14	51	23	47	14	19	44	20	17	10	91	126	7	7	126	51	4	1	18	14	1	9	45	5	0	1	126	37	0	2	53	11	1	4	6	17	64	63	28	1	0	0	95	126	7	19	126	50	2	4	27	54	4	17	37	18	3	26	126	4	0	10	0	6	67	0	0	1	18	9	1	12	45	4	46	56	1	2	23	58	15	4	60	74	0	1	40	35	25	25	27	3	1	34	
28	1	10	99	11	0	2	71	15	1	3	15	77	32	19	56	125	1	0	5	42	20	3	16	22	1	0	0	14	86	22	7	94	0	0	29	18	0	0	102	26	6	4	125	119	2	1	20	125	17	7	41	27	1	1	6	33	9	30	10	0	21	9	3	98	0	0	39	64	0	0	44	42	3	1	125	125	17	6	6	125	22	7	32	21	3	3	10	16	37	58	64	41	2	5	6	61	0	0	17	85	2	1	15	16	0	0	12	73	36	81	36	58	23	7	10	7	12	125	27	2	6	5	16	28	16	82	53	
15	0	0	4	131	1	0	2	131	12	6	6	15	2	0	10	42	51	47	23	26	18	1	2	13	20	3	3	81	91	0	0	22	2	0	5	131	1	0	3	131	21	3	4	18	15	3	33	52	24	21	40	31	60	15	17	23	15	28	102	61	13	2	4	9	7	0	9	131	0	0	0	77	111	50	9	12	1	0	2	7	24	109	124	6	8	4	4	0	0	34	85	2	0	20	35	0	1	0	6	131	1	0	0	3	15	14	1	12	1	4	24	1	3	20	11	0	0	54	118	0	0	1	2	0	0	99	131	
3	2	7	20	107	79	11	3	14	12	80	26	12	13	22	13	1	5	56	46	31	31	40	6	0	33	30	8	14	5	52	5	2	0	2	13	146	42	1	2	58	1	30	18	59	9	52	110	11	0	16	8	1	1	146	92	0	0	1	1	5	13	146	29	6	1	0	0	146	43	0	1	146	24	0	0	81	11	4	31	79	6	3	1	2	2	28	30	0	3	7	2	15	4	20	4	2	0	0	0	146	30	0	0	146	30	0	0	85	12	0	0	99	13	0	0	6	10	1	2	0	2	2	1	8	8	4	0	
5	0	0	63	21	22	28	16	142	0	0	3	5	9	5	62	82	0	0	3	3	5	18	30	0	0	0	4	3	10	33	1	20	6	5	25	82	20	18	39	142	35	6	5	33	6	1	34	69	33	33	2	2	1	2	8	1	8	21	1	2	2	12	7	14	11	7	18	54	43	49	19	66	103	45	3	18	32	81	3	9	93	142	0	0	12	43	0	0	52	142	0	0	4	16	1	1	0	0	0	1	40	142	20	0	2	2	0	0	63	142	0	0	5	18	0	0	68	142	0	0	8	32	0	0	47	142	0	
0	0	0	125	100	0	0	0	20	30	8	85	59	0	6	11	19	32	69	18	1	0	25	13	25	5	26	48	16	0	29	16	8	1	0	141	137	0	0	3	78	6	2	30	24	0	61	130	12	5	13	2	0	1	141	85	4	0	4	4	0	1	141	62	25	3	0	104	86	2	5	2	141	29	0	4	3	1	8	42	92	10	0	2	4	2	61	32	0	0	0	3	6	3	42	6	11	0	0	17	29	28	40	25	141	42	0	0	9	15	6	2	100	31	4	1	4	0	0	0	0	1	9	1	3	1	6	5	
5	4	7	9	54	41	14	1	148	15	3	1	22	9	0	28	107	3	0	0	0	3	2	17	7	5	1	1	1	3	3	2	14	23	37	47	42	10	1	1	148	44	9	12	17	0	0	33	94	34	54	0	0	3	3	17	1	3	43	5	2	4	5	1	8	6	12	11	3	148	41	0	76	130	70	3	1	50	13	1	13	102	148	0	0	2	1	1	1	30	148	5	0	0	5	3	0	0	0	0	0	148	42	0	0	4	10	0	1	148	59	0	12	11	39	0	0	86	26	11	28	21	38	0	0	5	43	39	
0	0	0	123	127	0	0	0	14	33	8	25	25	0	11	12	9	35	82	13	1	0	44	13	0	1	56	32	1	0	59	13	12	1	0	104	111	0	0	5	83	3	0	5	6	0	61	144	13	1	3	0	0	0	144	121	0	0	1	0	0	1	144	55	29	5	0	50	52	0	0	1	144	45	0	1	0	0	6	44	112	16	0	1	3	2	56	44	0	0	0	4	6	3	42	6	13	2	0	9	12	7	16	4	144	56	0	0	0	3	2	1	139	36	0	1	5	0	0	0	0	0	0	3	10	1	0	0	
9	2	5	24	96	6	3	3	147	0	0	3	19	1	0	51	128	0	0	0	0	3	2	34	0	0	0	0	0	7	4	1	25	8	36	62	31	3	1	2	147	46	7	5	5	0	0	40	108	45	51	0	0	2	2	21	0	7	43	0	0	7	6	0	13	7	6	5	1	101	21	0	80	144	68	1	0	13	3	1	13	124	147	0	0	0	0	0	0	53	147	0	0	0	0	0	0	0	0	0	0	147	44	0	0	7	14	0	1	147	31	0	1	13	53	0	0	29	7	1	11	14	61	0	0	1	10	20	
0	0	36	58	70	13	24	2	2	2	133	35	3	0	14	10	1	2	137	32	1	1	37	8	0	0	39	29	10	2	49	10	4	0	2	9	139	35	0	3	65	1	9	5	17	4	49	109	13	0	4	1	0	0	139	107	0	0	1	0	0	0	139	55	10	1	0	0	139	41	0	1	139	30	0	0	28	4	4	30	95	11	0	0	0	1	29	42	1	3	9	1	0	1	21	9	3	1	0	0	139	30	0	0	139	37	0	0	36	5	0	0	124	21	0	0	2	6	1	2	0	1	3	1	5	6	0	0	
7	0	0	19	110	21	15	13	135	1	0	3	15	1	0	44	109	3	1	4	4	0	0	21	0	0	0	4	6	0	1	0	18	4	3	40	135	0	0	5	135	39	6	2	11	0	0	37	82	46	40	2	0	0	0	7	2	10	29	1	1	0	7	5	12	4	0	15	105	30	20	2	58	109	48	1	4	9	31	2	9	101	135	0	0	3	11	0	1	55	135	0	0	1	3	0	1	0	0	0	11	71	133	3	0	3	4	0	0	54	135	0	0	6	24	0	0	52	135	0	0	9	38	0	0	34	116	0	
0	3	89	117	0	0	0	0	49	94	114	34	0	0	0	0	38	26	3	0	1	0	1	2	0	0	0	0	3	1	1	0	22	11	119	164	0	2	9	4	164	73	49	23	0	1	1	16	140	10	0	0	3	0	0	8	0	0	0	1	5	1	0	0	27	1	7	17	18	51	71	44	164	1	0	0	8	16	6	17	149	1	0	0	4	0	0	3	0	0	0	1	6	0	0	0	13	0	0	1	100	44	22	16	164	4	0	1	39	8	0	3	118	3	0	1	2	0	0	0	0	0	0	1	5	0	0	0	
3	7	49	84	11	6	6	5	13	22	47	115	77	20	0	0	56	54	7	8	64	34	0	0	101	55	0	0	61	32	0	0	19	18	72	115	7	13	5	7	41	27	46	80	67	75	5	7	115	62	9	5	53	19	1	8	112	19	0	0	115	31	0	3	24	6	10	10	3	22	84	48	37	2	1	1	86	115	17	35	115	25	4	10	50	34	5	28	92	4	2	16	108	6	1	37	0	18	79	1	1	5	23	6	3	22	54	7	56	44	4	4	32	47	22	11	53	32	1	6	73	10	10	11	15	1	1	98	
13	1	10	122	33	0	0	21	16	1	13	57	36	27	16	55	94	3	1	10	32	32	9	26	22	8	2	1	12	78	26	9	82	1	0	80	65	0	0	63	45	5	4	122	99	3	2	47	122	30	15	56	28	2	2	6	29	25	48	12	1	37	15	3	122	0	0	25	75	0	0	45	33	2	1	76	122	24	31	17	122	24	11	33	21	8	54	27	9	48	46	36	16	12	40	11	105	0	0	6	57	1	0	20	46	0	0	4	61	15	67	67	19	2	1	1	2	4	122	54	2	1	0	1	53	44	113	17	
0	1	17	37	8	55	81	51	27	18	22	14	52	113	16	1	149	15	9	4	5	4	0	3	45	0	0	0	0	0	0	4	0	0	16	55	23	26	22	21	39	2	16	111	149	105	3	4	149	4	1	8	23	11	1	8	62	0	0	0	0	0	0	3	1	0	18	119	111	32	1	3	36	1	24	120	35	26	20	24	149	1	0	6	7	7	6	17	62	0	0	0	0	0	0	3	1	0	0	2	81	105	1	1	29	9	14	17	54	76	4	9	149	8	5	7	6	3	1	3	50	0	0	0	0	0	0	2	
34	20	5	4	11	0	0	2	26	1	2	13	147	0	0	1	147	0	0	1	34	0	0	5	69	0	0	0	0	0	0	1	30	41	138	17	5	0	0	1	39	5	67	109	100	0	0	2	147	7	2	11	19	0	0	5	85	1	0	0	0	0	0	0	12	26	108	5	1	44	31	12	51	13	54	35	2	3	27	26	147	47	2	4	0	0	3	15	78	23	0	0	0	0	0	0	3	1	0	0	0	124	66	4	18	14	8	1	0	81	42	5	119	125	6	0	0	11	7	1	25	129	21	0	0	0	0	0	
0	0	0	135	62	1	3	1	41	0	0	75	31	8	11	7	135	0	0	1	0	1	9	52	32	0	0	2	2	6	45	14	13	0	0	111	46	5	20	56	52	0	0	6	60	59	46	32	135	10	0	0	8	5	1	13	45	7	3	2	4	1	1	1	42	11	14	25	14	2	2	68	37	15	8	24	135	18	5	12	135	122	41	1	18	3	2	1	15	48	135	0	0	0	1	0	13	7	9	10	15	19	43	47	10	7	4	4	32	56	111	31	7	39	27	0	5	22	135	3	0	12	91	0	0	10	135	0	
0	0	78	144	2	3	2	0	14	5	47	144	14	4	1	0	144	8	3	19	4	0	0	2	52	0	0	0	0	0	0	3	0	0	31	69	9	46	86	47	30	13	21	20	67	124	24	2	144	19	5	2	7	5	0	7	64	0	0	0	0	0	0	7	0	0	7	70	31	19	36	28	38	1	10	123	138	68	5	5	144	2	0	7	19	7	1	18	64	0	0	0	0	0	0	6	0	0	4	61	106	32	1	0	28	1	8	76	35	22	12	11	144	1	0	3	2	1	3	21	47	0	0	0	0	0	0	4	
118	98	14	7	17	12	4	1	30	45	41	123	106	0	0	3	82	7	45	40	27	1	32	78	6	0	26	7	43	60	71	21	14	35	16	3	4	123	82	2	33	26	43	89	30	83	42	8	123	21	1	14	8	7	14	45	42	2	0	0	123	26	9	8	0	1	0	0	0	77	52	0	6	0	0	1	3	123	123	15	98	1	0	0	1	24	91	108	23	0	0	0	123	13	0	11	0	15	9	0	0	1	1	0	0	4	3	0	0	10	15	0	1	1	2	0	1	3	21	11	0	0	0	1	102	8	0	2	
14	2	1	4	1	0	77	128	0	1	20	13	0	0	70	123	1	14	22	3	0	0	19	32	1	2	0	1	4	1	2	2	42	72	77	42	3	4	7	32	12	23	128	128	1	1	4	6	118	109	78	16	0	0	0	3	21	8	0	0	4	1	0	0	1	23	72	30	19	66	117	18	40	8	49	65	22	63	104	23	128	19	7	3	3	6	7	33	38	1	0	1	5	0	0	1	0	0	13	81	18	48	118	12	34	3	9	115	84	43	38	9	128	3	1	7	8	3	1	18	26	0	0	1	4	0	0	1	
0	0	1	4	2	0	0	0	0	0	2	88	111	0	0	0	35	2	13	99	71	0	5	37	10	4	22	21	2	11	49	29	0	0	58	113	1	0	0	0	9	6	58	131	63	6	0	0	131	26	15	73	42	1	0	7	25	13	32	57	93	2	1	5	3	2	67	121	8	7	23	28	32	3	19	96	126	47	17	7	131	7	3	13	39	9	0	20	24	3	1	6	131	34	11	11	20	64	14	4	19	11	11	21	31	10	1	12	131	70	6	10	131	1	0	5	18	17	3	33	16	0	4	39	28	41	16	8	
1	58	66	4	12	52	6	1	6	113	64	12	13	9	25	2	118	11	9	20	35	4	5	39	95	0	0	0	0	0	0	32	3	11	16	3	10	127	5	0	29	109	41	5	3	127	12	2	127	54	27	8	2	6	3	39	86	6	0	0	0	0	0	20	2	87	60	15	7	45	2	0	13	48	8	0	1	127	31	5	127	120	1	0	2	64	26	15	61	117	0	0	0	0	0	1	7	60	15	11	24	10	22	13	51	87	6	2	4	24	13	31	41	32	0	9	44	56	5	7	127	51	0	1	5	2	0	15	
0	0	0	0	136	5	0	1	5	6	0	0	27	8	23	22	55	133	0	0	1	16	13	3	50	136	2	0	1	0	0	0	10	0	0	0	136	7	0	5	93	1	0	0	27	33	36	86	19	33	0	0	40	136	27	14	41	136	21	1	6	17	0	0	20	0	0	0	136	6	0	1	136	23	7	6	28	8	2	10	21	15	21	18	71	113	2	3	3	33	16	1	26	84	14	7	15	0	0	1	136	4	0	0	130	7	4	11	35	2	0	3	28	42	27	30	34	17	2	3	27	15	1	0	4	42	61	42	
15	11	39	1	23	54	17	0	116	38	15	5	18	10	4	7	21	3	1	21	43	28	32	42	20	2	2	90	23	0	2	28	28	1	0	1	133	50	5	1	133	9	3	8	18	7	7	25	24	3	3	113	72	19	25	17	34	0	0	76	31	0	1	92	17	5	0	4	133	3	0	0	115	71	47	32	19	0	0	2	27	12	36	133	35	0	0	44	80	0	0	14	5	0	0	133	1	2	1	11	133	0	0	0	10	20	28	7	15	0	0	13	64	2	15	12	0	0	0	133	52	0	0	0	0	0	0	133	
46	3	2	1	2	3	0	1	203	0	0	0	0	0	0	13	130	1	0	1	6	0	0	4	8	1	0	0	1	0	0	1	63	2	0	1	30	34	1	2	203	1	0	0	0	0	0	11	159	1	0	0	7	1	0	4	7	1	0	0	1	0	0	3	60	2	2	32	46	14	0	2	203	3	0	0	0	0	0	10	152	6	1	1	2	1	0	3	5	1	0	0	0	0	0	3	51	2	1	10	2	16	8	1	203	1	0	0	0	0	0	13	114	1	0	0	1	2	0	6	5	1	0	0	0	0	0	1	
40	111	34	19	10	5	1	0	132	13	16	37	33	0	0	43	132	0	0	0	0	0	0	49	2	0	0	0	0	0	0	1	27	51	45	5	2	131	16	4	132	44	29	8	1	7	6	44	132	18	0	0	0	0	0	26	1	1	0	0	0	0	0	0	7	7	1	0	1	132	30	4	132	132	0	0	1	86	28	13	63	132	0	0	0	2	0	1	7	20	0	0	0	0	0	0	21	56	2	0	0	33	4	4	6	28	0	1	38	105	7	1	132	132	0	1	20	15	0	10	59	19	0	0	0	0	0	4	
69	0	0	9	32	0	0	18	83	0	0	19	102	0	0	21	127	6	1	19	43	0	0	50	55	5	2	119	93	0	0	6	109	1	0	7	21	0	0	21	99	4	0	38	127	0	0	14	127	61	16	40	35	0	0	16	17	13	12	127	96	0	0	1	114	0	0	4	19	0	0	30	67	2	0	23	127	2	1	27	119	31	7	42	29	1	1	37	5	5	5	103	61	0	0	5	95	0	0	2	20	1	0	25	42	0	0	10	97	7	1	22	44	3	3	65	22	0	0	16	19	0	0	40	23	0	0	31	
33	0	0	13	18	0	0	35	31	4	0	10	55	6	2	34	95	16	0	7	60	1	0	0	15	1	0	2	96	1	0	0	79	0	0	4	7	4	3	59	37	3	0	21	115	33	5	24	123	11	0	10	76	4	0	2	19	1	0	3	119	3	0	1	121	0	0	0	3	9	10	104	38	0	0	1	123	102	19	35	123	2	0	1	100	14	0	5	21	0	0	1	121	5	0	1	123	0	0	0	10	5	1	82	34	1	0	1	123	28	3	23	123	5	0	2	102	2	0	1	19	0	0	2	99	1	0	1	
2	9	21	2	2	41	100	4	17	3	18	10	1	23	88	34	123	3	1	1	0	0	11	109	95	0	0	0	0	0	0	29	3	87	23	21	20	23	23	2	10	44	60	26	25	36	41	16	123	100	18	0	0	2	9	49	109	4	0	0	0	0	0	18	2	118	6	1	5	75	2	0	20	103	8	4	12	60	50	19	123	53	3	0	0	8	36	79	88	56	0	0	0	0	0	5	1	15	0	0	0	123	7	0	11	123	1	0	0	76	7	3	33	123	3	0	0	2	4	12	19	123	1	0	0	0	0	0	
15	41	55	2	1	7	71	44	132	57	9	0	0	0	5	67	105	2	0	0	0	0	0	25	6	1	0	0	0	0	0	2	29	77	82	6	10	71	37	19	132	116	16	0	0	1	8	47	132	13	0	0	0	0	0	17	5	1	0	0	0	0	0	1	19	91	2	0	0	61	101	33	132	65	0	0	0	2	46	82	69	132	0	0	0	0	0	2	4	27	0	0	0	0	0	0	6	132	6	0	0	13	5	2	15	132	8	0	0	0	6	7	14	132	2	0	0	0	0	0	9	106	0	0	0	0	0	0	
19	0	0	17	157	8	1	0	165	2	0	2	36	0	0	3	106	2	0	2	1	0	0	1	0	0	0	2	3	0	0	0	29	5	14	69	127	0	0	1	165	3	0	8	31	0	0	15	124	1	0	0	2	1	0	6	0	0	0	1	3	1	0	0	35	6	22	108	18	0	8	43	165	8	2	10	4	0	4	105	105	6	0	1	3	0	0	12	0	0	0	2	4	0	0	0	3	0	4	14	0	0	85	165	45	0	0	0	0	0	36	165	18	1	0	2	1	0	1	22	0	0	0	1	3	0	0	0	
10	3	3	127	66	0	0	5	127	13	6	35	15	0	0	8	50	8	30	12	0	7	4	5	0	14	16	1	0	46	15	0	30	1	1	94	115	14	4	6	127	17	5	23	13	3	2	18	33	31	63	95	57	1	4	4	4	127	59	6	2	3	5	4	13	0	0	10	54	44	87	30	89	32	10	13	6	16	127	29	7	11	10	39	46	15	111	66	15	41	8	2	47	51	44	35	73	0	0	1	11	4	64	74	5	0	0	0	0	7	127	18	0	0	0	0	22	17	127	33	16	0	0	1	127	38	19	11	
1	4	5	117	117	0	0	0	23	36	18	85	58	4	5	3	8	42	67	41	29	22	19	4	17	62	25	1	0	30	59	5	8	8	11	117	103	27	0	1	117	45	8	33	52	40	3	7	29	12	6	10	48	89	33	33	24	28	22	2	1	14	48	82	7	24	7	15	51	76	21	4	117	6	1	4	39	53	11	28	72	23	3	31	84	30	4	19	99	96	13	5	7	22	36	103	2	2	0	2	54	117	53	2	58	27	5	9	58	32	2	4	30	27	11	43	73	38	3	1	25	117	57	22	15	5	7	12	
0	0	0	31	78	42	60	47	44	5	0	25	145	27	4	0	145	26	0	1	12	0	0	0	21	3	0	1	2	0	0	0	0	0	18	145	41	1	2	3	47	9	13	145	56	0	1	16	145	27	1	8	6	0	0	33	35	4	0	1	2	0	0	2	0	0	19	145	0	0	11	39	14	1	8	50	0	0	52	145	91	2	0	1	0	0	15	145	13	1	0	1	2	0	0	9	0	0	3	18	0	0	49	145	0	0	0	0	0	0	49	145	0	0	0	0	0	0	8	39	0	0	0	2	2	0	0	1	
1	141	21	0	0	28	14	3	0	141	30	0	0	3	0	0	0	43	6	0	1	2	0	0	0	1	0	0	1	3	0	0	0	16	3	1	32	141	35	7	13	141	32	3	46	42	0	0	94	141	15	0	1	0	0	1	14	8	0	0	1	2	0	0	4	0	0	6	141	81	8	5	64	14	2	14	141	12	0	9	141	31	1	1	6	0	0	39	31	2	0	0	0	0	0	3	1	0	0	18	141	1	0	1	79	0	0	10	135	0	0	18	141	0	0	0	2	0	0	50	13	0	0	2	2	0	0	3	
17	0	0	4	59	6	0	5	148	0	0	2	20	0	0	41	112	0	0	0	0	0	0	20	0	0	0	0	4	1	0	0	24	1	0	5	90	2	0	5	148	35	6	1	18	0	0	38	92	28	54	0	0	1	0	12	0	4	46	2	3	2	1	0	10	4	0	1	64	36	33	13	87	119	50	0	11	16	65	5	12	74	148	0	0	3	44	0	0	26	148	3	0	2	25	0	1	0	0	0	6	30	122	42	1	4	3	0	0	27	148	2	0	3	20	0	0	16	148	0	0	3	26	0	0	14	148	0	
0	0	65	91	46	0	0	0	1	2	141	36	1	0	3	3	0	0	141	33	0	0	18	3	0	0	140	25	0	0	25	3	8	1	22	45	141	16	0	4	77	5	67	15	18	2	42	105	10	0	39	6	0	0	141	68	0	0	19	3	1	4	141	28	18	3	14	46	141	10	0	1	141	28	0	1	29	2	5	32	71	10	0	0	0	0	40	25	0	1	1	0	6	2	31	5	8	4	18	31	78	7	0	0	141	34	0	3	20	2	0	0	86	16	0	0	0	0	0	0	1	1	0	0	4	0	0	0	
3	0	0	14	139	0	0	1	139	0	0	6	57	0	0	26	79	0	0	1	0	1	7	13	0	0	0	1	0	3	14	0	8	1	0	18	139	0	0	1	139	34	6	7	57	0	0	21	69	24	45	1	0	0	0	5	0	3	39	1	0	0	0	0	2	3	1	25	139	23	4	0	49	114	64	11	46	14	28	1	8	67	139	0	0	4	15	0	0	25	139	0	0	1	4	0	0	0	0	1	43	98	77	0	0	5	7	1	11	74	139	0	0	5	31	1	16	79	131	0	0	4	38	2	11	31	52	2	
95	0	0	16	23	0	0	36	139	1	0	28	34	0	0	50	139	0	0	0	0	0	0	51	3	0	0	3	5	0	0	1	97	0	0	23	57	4	1	32	139	10	0	20	37	2	1	53	139	13	0	0	0	0	0	27	2	1	0	8	20	0	0	0	85	41	0	2	29	40	21	13	139	97	0	1	14	45	34	21	84	139	4	0	0	1	0	1	0	23	7	21	35	0	0	0	30	139	4	0	1	25	6	2	12	123	7	0	6	52	15	3	10	139	16	0	2	26	8	1	0	96	60	31	25	1	0	0	
12	0	0	51	121	0	0	3	129	1	0	13	28	0	0	58	92	4	24	7	0	0	0	27	1	8	34	1	0	0	0	0	31	1	0	46	129	12	1	5	129	27	8	23	16	2	0	36	48	17	105	129	18	0	0	8	1	56	129	16	0	1	4	4	13	2	0	2	65	129	5	3	77	80	44	36	9	64	5	4	45	20	51	129	30	1	3	44	27	15	35	8	6	22	65	69	0	1	0	0	1	74	2	0	0	3	8	8	13	129	9	1	86	2	8	15	7	44	25	76	56	0	0	11	30	6	8	43	
1	7	87	42	32	8	0	0	4	26	119	2	1	2	5	6	1	38	119	3	2	6	4	1	10	75	28	0	0	0	0	0	12	4	10	12	103	96	1	5	98	16	23	1	13	32	45	68	14	23	31	3	23	119	49	14	64	119	7	0	9	30	0	0	6	6	24	60	71	26	12	18	119	17	0	5	24	14	24	104	54	3	0	0	55	119	13	28	36	53	0	0	53	119	0	0	1	3	11	11	1	0	63	112	13	0	0	1	1	0	52	119	8	0	0	0	26	57	5	30	4	7	0	0	76	119	0	0	
0	1	16	7	24	51	68	1	12	22	11	13	19	55	93	4	131	57	4	3	7	12	5	4	65	8	0	0	0	0	1	1	0	2	131	8	1	5	9	0	16	11	131	71	19	12	8	10	131	35	16	17	7	3	0	14	100	9	3	0	0	0	0	0	3	3	62	1	0	66	73	9	40	13	42	3	0	7	37	76	131	76	40	1	0	0	7	53	40	49	131	1	0	0	2	1	0	2	3	0	0	75	107	1	7	5	1	0	0	46	131	8	5	30	27	0	0	14	131	2	0	11	79	0	0	1	107	1	
3	1	0	2	83	34	0	0	25	8	11	7	119	59	1	17	37	22	26	0	1	17	53	57	0	29	53	2	10	53	27	2	7	10	50	47	47	13	0	0	65	6	9	51	119	38	4	14	119	14	0	1	9	32	39	71	11	1	0	0	84	119	25	7	1	10	87	45	2	0	65	38	19	1	13	40	22	4	119	107	119	5	0	0	5	6	40	119	19	0	0	0	117	98	1	10	0	0	0	0	0	0	119	69	0	0	0	0	0	0	119	72	3	0	0	0	1	1	36	58	1	0	0	0	64	41	1	5	
0	2	22	6	23	1	2	0	18	0	4	23	138	2	0	0	138	3	0	3	31	0	0	0	132	1	0	0	0	0	0	0	0	13	138	20	5	0	1	0	30	6	99	126	73	0	1	3	138	9	3	12	12	0	0	5	138	1	0	0	0	0	0	1	0	4	64	2	0	0	56	10	30	3	37	16	0	0	71	39	138	30	1	1	0	0	15	45	138	10	0	0	0	0	0	10	9	33	17	0	0	0	62	40	6	26	35	0	0	0	138	38	44	21	36	0	0	0	88	93	57	16	37	0	0	0	2	38	
0	0	22	52	155	6	0	0	87	7	0	13	88	3	0	0	155	20	0	0	0	1	5	11	38	1	0	0	0	26	30	8	0	0	96	93	27	0	53	3	81	3	2	26	24	2	70	18	155	22	0	0	0	0	9	26	74	5	0	0	0	1	1	1	0	1	15	3	0	1	155	17	13	1	7	1	0	6	155	34	155	3	0	0	0	1	65	106	67	3	0	0	0	0	0	8	0	1	15	1	0	0	98	11	2	2	9	1	0	1	111	28	21	0	0	0	0	0	34	87	13	0	0	0	0	0	0	16	
12	0	0	7	165	0	0	0	165	1	0	1	39	0	0	10	94	0	0	1	6	1	0	4	0	0	1	2	2	0	0	0	16	0	0	11	165	0	0	0	165	2	0	2	46	0	0	8	117	1	0	2	11	0	0	3	0	0	1	2	5	0	0	0	18	0	0	15	165	1	0	1	165	2	0	2	43	0	0	9	111	2	0	2	10	0	0	2	1	0	0	1	5	0	0	1	17	8	9	27	146	0	0	0	165	1	0	2	28	0	0	6	81	3	0	4	4	0	0	1	1	1	0	1	1	0	0	0	
0	20	84	0	0	0	0	0	0	25	93	1	0	0	0	0	1	32	28	2	1	0	0	0	0	2	1	33	75	0	0	0	0	30	114	11	3	0	0	0	14	58	126	67	19	0	0	0	109	126	50	9	5	0	0	2	11	9	1	87	124	0	0	0	22	76	98	9	5	2	0	1	86	29	28	73	45	0	0	10	126	22	4	17	18	0	0	40	16	1	0	103	126	0	0	2	62	7	1	4	19	4	0	9	122	3	1	18	34	0	0	21	126	1	0	32	33	0	0	38	4	0	0	105	126	0	0	1	
1	129	12	0	0	72	11	0	0	142	34	0	0	6	1	0	7	106	9	0	0	0	0	0	3	5	0	0	0	0	0	0	0	9	2	0	5	142	19	0	26	142	17	0	38	119	5	0	142	142	4	0	3	2	0	3	32	9	0	0	0	0	0	1	0	0	0	6	35	25	2	0	64	6	0	22	142	47	0	10	142	15	0	1	14	2	0	48	44	1	0	0	0	0	0	6	0	0	0	8	51	11	5	0	78	0	0	31	142	1	0	15	142	0	0	1	5	0	0	50	21	0	0	0	0	0	0	4	
66	126	55	5	4	7	8	30	37	39	71	84	136	20	5	7	136	25	0	11	38	2	0	0	26	3	0	0	81	6	0	0	1	43	36	1	0	136	99	0	43	26	65	73	22	79	55	8	136	29	1	14	7	5	12	25	44	3	0	0	86	7	0	1	0	4	1	0	0	90	65	0	9	1	0	2	2	136	136	16	117	1	0	0	0	24	104	103	24	0	0	0	71	6	0	8	0	13	3	0	0	1	1	0	0	8	3	0	0	8	14	0	2	2	1	0	0	4	19	9	1	1	0	0	32	10	0	2	
0	0	3	4	0	0	88	104	0	1	19	12	0	0	48	56	1	11	22	4	0	0	9	12	1	1	1	3	2	0	0	1	0	0	83	103	0	0	6	7	12	21	133	133	1	2	3	1	131	104	88	19	0	0	0	2	20	5	0	2	5	1	0	0	1	0	95	116	7	19	105	69	48	8	55	65	41	71	81	18	133	22	9	3	4	5	4	38	32	1	0	4	7	0	0	1	22	51	34	27	48	20	67	86	53	1	7	48	133	38	20	11	133	0	0	2	9	1	0	36	16	0	0	5	6	0	0	2	
0	0	9	132	7	0	0	0	0	0	31	132	1	0	2	18	0	0	13	101	0	0	19	132	4	0	0	4	0	0	17	132	3	0	2	132	132	4	0	2	64	1	5	92	29	2	5	132	15	0	0	3	0	1	30	132	4	1	0	0	0	0	10	35	7	1	0	4	132	41	0	1	132	30	0	1	50	13	0	29	68	11	0	0	1	2	2	18	1	0	0	0	0	0	1	2	1	0	0	0	132	42	0	0	132	35	0	0	62	17	0	0	83	20	0	0	2	0	0	0	0	0	1	1	1	0	0	0	
2	0	0	40	135	0	0	0	135	0	0	13	66	0	0	34	80	4	1	0	0	0	0	22	3	4	4	0	0	0	0	1	8	0	0	43	135	3	0	1	135	24	0	9	55	1	0	31	67	16	0	0	0	1	2	18	2	1	0	1	0	0	0	1	4	1	0	6	135	106	1	0	76	131	5	1	28	85	8	1	17	135	25	0	0	4	1	0	0	35	6	0	1	2	0	0	0	0	0	0	23	130	5	0	0	16	2	0	1	135	36	0	0	133	20	0	0	93	17	0	0	135	23	0	0	7	1	0	
1	0	0	51	133	0	0	0	130	0	0	20	75	0	0	38	99	8	1	0	0	0	0	24	3	9	8	0	0	0	0	0	6	0	0	56	133	2	0	1	133	18	0	14	57	1	0	37	78	13	0	0	0	0	0	25	2	2	1	1	0	0	0	1	4	1	0	8	133	105	1	0	86	123	1	1	32	76	6	2	24	133	11	0	0	2	0	1	0	27	3	0	1	0	0	0	0	0	0	0	26	133	4	0	1	22	1	0	3	133	23	0	0	133	11	0	0	76	8	0	0	133	13	0	0	3	0	0	
42	14	48	95	4	8	8	19	52	19	20	37	27	55	56	39	127	17	2	6	34	18	7	8	51	4	0	0	127	10	0	1	32	26	8	7	4	127	88	5	44	50	85	55	22	66	42	11	127	31	12	20	30	6	8	22	57	7	0	0	127	12	0	1	1	12	4	0	0	78	54	0	7	3	3	2	2	127	127	17	89	2	1	1	16	19	86	102	27	5	0	1	127	29	1	7	0	98	55	0	0	1	1	0	0	47	22	0	0	6	16	1	0	11	4	0	6	5	18	9	2	2	0	0	60	81	9	1	
0	0	52	100	0	0	53	78	1	1	22	33	1	0	94	125	10	12	13	3	0	0	30	104	3	1	0	6	30	0	0	7	0	0	46	74	0	0	60	88	8	19	125	125	4	6	21	30	100	114	77	17	1	1	2	4	16	10	0	8	48	0	0	0	42	16	82	110	6	8	18	33	42	13	38	76	50	93	51	31	125	25	8	7	11	16	2	24	36	3	0	10	58	0	0	1	37	28	23	10	6	91	45	12	47	21	60	84	36	41	13	10	125	4	4	11	8	2	1	22	22	1	0	8	52	0	0	1	
0	7	16	9	116	3	0	0	1	58	65	1	3	1	10	8	0	120	101	0	0	4	11	1	0	120	91	0	0	0	0	0	8	1	0	1	120	7	0	2	80	5	1	0	5	6	46	68	9	15	13	1	1	96	114	19	0	61	36	0	0	64	38	0	15	1	0	0	120	12	0	1	120	19	9	5	9	4	6	16	24	33	79	19	8	57	35	7	0	49	29	0	0	85	52	0	12	1	0	0	120	7	0	0	120	4	0	1	9	5	13	31	48	8	9	4	5	101	120	33	1	45	15	0	0	91	83	0	
22	15	19	39	64	4	5	12	153	2	0	1	43	1	0	7	148	2	0	1	3	0	0	3	0	0	0	1	10	1	0	0	21	23	36	35	46	12	16	27	153	7	4	16	34	1	0	29	153	2	0	1	4	0	0	11	0	0	0	2	12	1	0	0	13	10	27	21	5	153	86	2	153	35	4	8	2	33	28	26	153	16	0	0	2	1	0	4	0	0	0	1	13	1	0	0	1	0	0	0	0	153	73	1	88	3	0	0	0	78	115	79	68	3	0	0	2	0	4	34	0	0	0	2	12	0	0	0	
1	1	7	93	19	0	0	1	5	5	9	24	10	9	30	15	1	45	74	14	18	20	16	3	5	118	118	2	1	1	2	3	21	17	49	118	15	13	17	9	118	48	22	21	16	50	58	84	24	12	19	32	118	118	47	45	34	22	21	5	21	28	28	67	49	37	5	8	12	63	49	27	118	101	67	27	17	57	31	20	31	42	93	116	96	37	4	22	42	13	6	52	37	7	3	31	13	39	18	8	53	54	6	3	4	73	48	13	41	45	11	1	30	32	23	22	38	31	28	22	33	14	5	41	35	11	31	60	
5	1	4	63	63	9	19	28	6	3	14	35	42	14	44	58	48	30	22	17	37	23	24	33	38	59	20	6	47	52	6	13	34	23	52	62	13	14	5	20	118	19	27	43	18	31	77	116	39	26	5	39	89	105	91	41	41	32	4	8	52	58	6	9	27	9	16	11	27	118	23	15	118	95	56	56	20	14	18	47	24	51	45	118	118	33	26	13	36	68	28	41	39	10	15	16	1	2	0	0	20	85	4	1	6	27	21	7	4	15	12	13	2	4	10	13	15	16	97	56	6	2	2	5	6	20	118	81	
64	11	17	32	40	8	6	6	3	68	76	23	25	25	30	8	4	67	28	0	0	54	76	7	0	22	18	0	0	67	67	0	94	11	1	3	81	26	2	3	54	20	12	3	55	29	82	126	17	44	15	0	0	53	126	78	1	32	24	0	0	86	110	0	119	16	0	0	50	13	0	2	126	32	0	0	42	12	10	55	93	13	0	0	0	31	74	26	0	1	0	0	0	97	104	1	107	10	0	0	36	6	0	1	126	42	0	0	47	7	0	0	123	24	0	0	0	0	0	2	0	0	2	15	1	5	3	1	
3	0	6	43	0	0	3	105	8	1	13	54	0	0	6	121	6	0	4	29	0	0	6	121	1	0	0	1	1	1	8	121	11	4	24	104	12	4	3	70	121	40	33	53	0	0	1	107	52	30	18	1	0	0	2	121	2	7	6	0	0	1	2	16	9	14	19	33	30	66	59	6	112	118	30	4	1	25	69	15	19	121	121	0	0	9	13	3	0	91	121	0	0	1	2	0	0	46	60	0	0	16	23	0	1	56	72	0	0	20	42	1	0	52	70	0	0	30	43	0	0	48	77	0	0	30	34	0	
4	9	10	8	2	0	64	122	2	4	19	9	0	0	48	88	3	16	14	2	3	35	48	16	6	33	15	2	64	87	9	0	0	0	38	87	2	0	29	39	10	18	122	122	3	6	10	8	117	97	64	16	4	4	2	5	24	7	0	1	122	47	0	1	15	3	37	112	45	49	18	13	49	12	39	65	16	50	51	36	122	16	6	8	8	14	9	27	32	1	0	10	122	4	0	3	4	54	22	1	8	82	35	3	23	17	17	22	12	97	60	18	122	6	3	7	6	9	24	61	18	0	0	6	122	1	0	4	
0	6	4	0	122	37	0	0	1	62	35	0	9	3	9	9	0	122	99	0	0	4	13	2	0	117	113	0	0	1	1	0	5	0	0	9	122	21	1	5	57	3	1	2	15	8	51	94	6	11	14	7	3	87	122	24	0	38	36	0	0	64	58	0	19	1	0	14	122	2	0	1	122	13	4	14	22	1	4	20	23	24	72	84	51	26	20	6	1	78	60	4	2	48	49	1	13	1	0	0	122	6	0	0	122	9	0	2	32	3	0	0	22	7	11	16	122	30	10	16	10	52	23	2	6	6	64	76	
3	56	145	76	20	8	4	1	59	4	27	107	58	1	0	1	147	9	0	2	3	0	0	2	33	1	0	1	9	0	0	0	0	5	26	12	1	147	108	0	72	10	14	21	5	103	62	10	147	15	1	1	1	4	9	22	42	2	0	1	14	0	0	1	0	0	0	0	1	119	72	0	15	1	0	0	1	147	147	24	146	3	0	0	0	25	88	119	24	1	0	1	16	0	0	9	0	0	0	0	1	6	2	0	0	0	0	0	1	23	25	2	1	0	0	0	1	6	33	22	1	0	0	0	12	6	2	3	
0	0	1	1	0	0	9	9	0	1	16	13	0	0	9	9	2	17	26	5	0	0	3	7	5	11	1	0	0	1	0	2	0	0	70	94	0	0	3	3	9	15	145	145	1	0	0	1	128	120	106	34	0	0	0	3	34	18	0	0	0	0	0	2	0	0	125	145	1	5	20	5	53	7	82	113	6	20	12	10	145	23	14	8	1	2	1	27	60	1	0	0	0	0	0	7	3	0	5	11	8	51	136	81	47	0	0	1	42	124	47	7	145	0	0	0	3	5	1	19	43	0	0	0	0	0	1	5	
1	0	0	1	0	0	0	2	0	1	16	12	1	1	0	0	1	12	17	2	0	0	0	0	0	1	1	1	0	0	0	0	0	0	13	100	0	0	0	1	14	32	145	160	0	0	0	0	109	128	81	16	0	0	0	1	15	7	0	0	1	0	0	0	0	0	55	160	0	0	0	0	121	20	50	160	1	0	0	7	160	34	12	5	0	0	0	18	36	1	0	0	0	1	1	2	0	0	37	120	1	11	22	6	153	5	4	25	1	9	5	4	160	9	0	0	0	0	0	6	30	1	0	0	0	0	0	1	
0	0	34	116	0	0	1	4	1	0	34	116	0	0	9	67	4	1	15	24	0	0	21	116	2	1	3	3	0	0	22	116	19	3	18	94	4	2	12	73	10	6	29	65	27	12	19	93	116	39	41	25	1	2	5	116	33	25	9	0	0	0	17	116	42	62	22	4	7	23	18	24	10	49	40	20	37	61	38	10	112	114	30	4	2	21	47	23	18	116	113	0	0	4	4	6	0	12	7	0	0	116	74	0	0	47	37	0	0	77	58	0	0	70	54	0	0	24	28	1	0	63	49	0	0	14	12	0	
3	0	0	13	151	4	0	1	56	0	0	12	80	3	13	79	44	0	0	0	0	0	12	151	10	0	0	2	3	0	0	36	7	0	0	0	151	12	0	0	151	2	0	0	104	5	0	52	70	2	2	1	0	0	0	81	4	0	2	6	5	0	0	3	6	0	0	0	151	17	0	0	151	18	0	0	112	7	0	3	77	25	13	1	0	0	0	5	0	5	12	3	2	0	0	0	3	0	0	0	151	14	0	0	151	30	0	0	98	7	0	0	60	27	5	0	0	0	0	1	0	6	5	0	0	0	0	0	
0	0	3	2	0	0	52	69	0	1	26	14	0	0	16	24	1	16	28	7	4	0	1	3	1	2	8	80	56	0	0	0	0	0	72	92	0	0	2	2	7	18	127	127	3	6	5	2	105	113	87	21	12	2	1	3	25	10	1	36	127	0	0	3	43	11	94	109	3	6	9	27	43	13	33	59	29	74	76	48	127	20	6	8	26	24	10	35	51	1	0	18	127	0	0	6	43	28	10	5	2	95	36	10	48	45	68	50	28	31	13	13	127	8	7	16	29	4	1	18	43	0	0	16	127	0	0	3	
37	9	40	85	4	8	21	36	37	9	13	34	27	79	75	33	126	13	1	3	8	16	6	11	40	1	0	0	27	2	0	2	39	29	15	5	5	109	83	19	34	35	70	87	42	73	37	14	126	32	8	22	13	8	8	23	58	2	0	0	33	2	0	3	0	86	51	0	0	75	48	0	6	26	19	7	5	126	126	16	112	5	2	2	1	21	91	123	30	0	0	0	27	3	1	15	0	89	56	0	0	84	43	0	1	126	90	0	1	26	22	1	10	100	25	0	0	2	20	17	4	6	0	0	17	3	1	4	
7	0	0	116	59	0	0	30	33	1	0	16	11	3	8	113	126	1	0	0	1	0	3	85	78	2	0	0	1	0	0	18	82	5	0	52	32	3	4	104	62	5	1	3	71	53	18	96	126	16	1	2	14	8	2	27	68	7	0	0	0	0	0	7	126	87	0	4	26	33	1	16	88	76	0	0	34	107	19	18	126	26	0	0	5	44	26	28	63	32	0	0	0	0	0	1	31	56	0	0	62	119	0	0	107	126	0	0	2	20	7	1	52	31	0	0	0	24	36	24	41	13	0	0	0	0	3	19	
0	0	5	124	27	1	0	0	0	0	14	124	1	0	4	18	0	0	4	60	1	1	25	79	21	0	0	2	1	0	13	87	7	1	1	107	124	12	0	2	65	2	2	58	9	3	15	124	20	1	0	12	62	17	39	94	92	1	0	5	8	1	4	100	15	2	0	4	124	69	0	1	124	38	0	1	26	12	2	27	61	8	0	2	77	65	11	30	124	0	0	1	5	8	5	68	3	1	0	0	124	70	0	0	124	53	0	0	39	14	0	0	85	23	0	0	7	43	12	10	62	2	0	0	0	9	9	24	
3	0	0	7	128	106	1	1	152	0	0	5	23	10	0	51	105	0	0	1	1	0	0	30	0	0	0	2	2	0	0	0	15	1	0	59	152	8	0	1	152	4	1	15	39	1	0	26	112	1	0	1	3	2	0	11	0	0	0	4	5	1	0	0	23	0	0	68	152	0	0	6	152	28	0	7	21	0	0	16	111	25	0	0	2	5	0	1	0	0	0	1	10	8	0	0	20	3	0	18	152	58	1	10	152	43	0	1	5	5	1	30	97	50	0	0	1	1	0	1	3	3	0	3	5	4	0	0	
13	139	22	0	0	0	0	0	4	139	29	0	0	0	0	0	1	55	8	0	0	0	0	0	0	4	0	0	0	0	0	0	139	139	3	0	0	1	0	11	83	139	36	0	0	0	0	1	102	137	8	0	0	0	0	3	14	10	0	0	0	0	0	2	139	3	0	0	2	1	0	35	139	27	6	0	0	1	0	18	139	15	0	0	0	0	0	40	20	0	0	0	0	0	0	8	139	0	0	1	2	1	0	45	139	1	0	3	5	2	0	27	139	1	0	0	0	0	0	31	11	2	0	0	0	0	0	2	
28	19	49	19	0	0	10	37	11	39	65	5	0	0	79	68	34	40	23	1	0	0	145	63	10	1	5	0	0	0	145	25	13	31	20	0	1	6	90	4	41	76	89	0	0	17	49	7	145	74	16	0	0	1	4	16	61	2	0	0	0	0	12	10	0	0	1	0	5	25	145	0	47	3	1	2	82	107	104	8	145	2	0	0	13	10	4	19	64	0	0	0	0	0	0	3	0	1	77	13	11	4	9	0	36	2	23	57	134	8	2	1	145	2	1	5	18	0	0	8	46	0	0	0	0	0	0	2	
0	0	4	3	6	7	96	8	29	4	1	6	109	52	38	2	131	27	0	1	20	5	1	1	37	4	0	0	0	0	0	0	0	1	131	41	5	1	2	2	26	6	79	102	82	2	14	13	131	29	2	14	17	0	5	30	60	5	0	0	0	0	0	2	27	7	75	20	14	34	16	60	32	16	36	19	1	0	131	131	85	4	20	3	0	0	74	131	26	1	29	2	0	0	0	14	27	28	1	0	22	102	3	11	33	98	95	2	3	7	13	24	1	9	131	6	0	0	10	12	0	1	131	11	0	0	1	1	
0	46	107	0	0	0	0	0	0	37	87	0	0	0	0	0	0	24	27	1	1	0	0	0	0	2	1	36	76	0	0	0	5	52	118	0	0	26	70	21	9	109	122	3	10	40	22	1	99	122	71	4	6	1	0	3	15	12	1	78	122	0	0	0	28	0	0	4	20	38	67	34	43	14	9	28	122	79	24	5	122	65	27	25	21	4	0	20	19	8	18	122	117	0	0	2	18	0	0	12	50	2	0	9	16	16	2	56	122	12	11	5	47	73	60	20	8	1	28	28	1	3	37	60	13	1	53	36	
28	2	1	14	106	0	0	1	141	9	0	1	5	0	0	3	115	10	0	5	7	0	0	1	141	7	0	0	0	0	0	0	35	2	1	7	108	2	0	2	141	4	0	0	5	1	0	13	136	9	0	1	9	4	1	6	141	16	0	0	0	0	0	1	35	1	0	1	103	6	1	1	141	14	0	0	5	0	0	3	118	17	1	4	17	1	0	1	141	29	0	0	0	0	0	0	25	1	0	2	91	2	0	0	141	9	0	0	3	0	0	2	86	11	1	3	15	3	0	2	141	23	0	0	1	0	0	0	
0	0	6	47	0	0	0	1	0	0	23	129	6	5	6	1	66	75	55	66	5	10	7	2	53	41	3	2	40	9	0	0	9	2	10	129	56	1	0	2	62	3	11	97	12	33	45	75	66	44	3	7	44	128	48	19	49	74	62	21	15	6	14	6	29	4	1	18	129	32	0	1	129	29	1	4	24	24	7	29	42	10	1	0	43	129	99	16	2	13	18	3	2	17	129	49	14	3	0	0	128	41	0	0	129	43	0	0	29	11	1	1	80	16	0	0	0	12	32	5	0	0	0	0	0	1	46	10	
1	97	94	0	1	10	11	3	11	114	69	1	1	1	0	0	6	23	6	69	54	0	0	0	19	0	0	103	91	0	0	16	6	17	18	18	64	67	32	13	114	103	31	15	30	12	0	17	52	26	10	114	94	0	0	4	69	0	0	81	55	0	0	63	7	5	1	70	114	19	10	5	86	78	42	34	26	5	35	24	15	16	46	114	36	3	54	34	71	0	0	17	11	1	15	114	0	0	0	5	37	51	62	4	4	5	3	1	3	8	114	41	0	1	3	2	1	1	114	42	5	0	0	0	0	0	29	52	
8	0	48	89	2	0	1	28	9	1	9	27	0	0	31	139	4	4	13	3	0	0	46	139	1	0	2	3	1	0	28	94	104	4	3	6	15	1	0	44	80	18	44	38	9	0	3	96	133	26	47	11	1	0	3	105	18	0	1	0	0	0	18	139	139	12	0	2	21	1	0	1	121	13	5	22	58	14	0	1	139	22	3	4	8	3	0	31	63	4	0	0	0	0	2	25	109	9	0	0	20	1	0	0	102	5	0	0	37	22	1	3	139	17	0	0	10	7	0	3	70	7	0	0	0	0	0	0	
0	23	149	33	5	0	0	0	1	2	149	35	0	0	3	2	0	0	149	25	0	0	16	1	0	0	149	21	0	0	18	1	7	7	44	38	70	2	0	2	79	5	74	19	13	1	44	93	11	0	51	6	0	0	149	53	0	0	31	3	0	4	149	13	14	4	1	4	102	3	0	0	149	23	0	0	23	1	6	29	87	5	0	0	0	0	58	28	0	0	0	0	5	6	56	2	14	8	2	14	52	2	0	0	149	22	0	0	20	2	0	0	103	9	0	0	0	0	0	0	0	0	0	0	5	1	0	0	
3	0	0	23	149	0	0	1	149	0	0	7	75	0	0	34	95	0	0	0	0	0	7	23	1	0	0	0	0	1	16	1	8	1	0	31	149	0	0	1	149	35	8	7	71	0	0	26	82	32	58	0	0	0	0	9	1	7	52	0	0	0	0	0	2	3	1	27	149	9	1	0	50	102	73	8	62	14	15	1	9	64	149	0	0	3	16	0	0	30	149	0	0	1	8	0	0	0	0	46	121	36	17	0	0	3	7	6	22	36	82	0	0	2	26	3	1	20	80	0	0	5	37	4	1	12	44	0	
0	0	53	96	52	1	0	0	0	0	140	67	8	0	5	5	0	0	140	72	6	1	29	4	0	0	48	51	13	2	38	4	2	0	3	23	140	18	1	2	51	1	25	17	50	6	44	101	11	0	15	4	0	0	140	68	0	0	3	2	0	0	140	28	6	1	0	0	140	26	0	1	140	15	0	0	59	7	4	27	84	5	0	0	0	0	37	28	0	0	0	0	0	0	36	6	3	0	0	0	140	21	0	0	140	13	0	0	58	8	0	0	91	11	5	0	0	0	0	1	1	0	11	1	0	0	0	0	
8	0	0	0	101	48	20	4	140	0	0	0	24	4	0	32	89	1	0	0	0	0	0	12	1	0	0	0	2	0	0	0	15	2	0	16	140	20	4	3	140	37	7	2	30	1	0	27	66	33	49	0	0	0	0	6	0	9	36	3	3	0	0	0	5	4	0	14	140	54	20	0	53	97	42	2	17	23	64	3	6	69	140	0	0	6	39	0	0	39	140	3	0	2	18	0	0	0	0	0	27	90	74	0	0	2	2	0	1	49	140	1	0	3	13	0	0	36	140	0	0	5	21	0	0	27	140	0	
0	5	141	44	9	0	0	0	1	2	141	32	0	0	2	2	0	0	141	28	0	1	15	2	0	0	141	23	0	3	14	0	5	2	46	50	106	1	0	1	88	7	78	21	9	0	32	84	14	1	48	6	0	1	141	58	0	0	28	5	19	53	141	5	12	6	4	28	107	0	0	0	141	22	0	1	16	0	3	23	94	6	0	0	0	1	42	24	0	0	0	0	80	29	27	1	10	6	13	22	15	2	0	3	141	22	0	1	8	2	0	0	106	10	0	0	0	0	0	0	0	0	0	0	58	11	0	0	
3	3	0	1	140	16	0	0	74	13	0	1	140	9	0	0	140	39	0	0	4	0	0	0	13	2	0	1	4	2	0	0	12	10	8	61	140	12	0	0	65	6	0	21	140	20	3	14	140	29	0	0	7	1	1	31	26	3	0	0	0	0	1	3	3	14	59	140	28	0	5	25	12	0	2	60	44	2	44	140	88	1	0	0	1	0	20	140	12	0	0	0	0	0	1	8	3	4	20	20	0	0	27	140	0	0	0	2	0	0	36	140	0	0	0	0	0	0	7	37	0	0	0	0	0	1	0	1	
0	143	59	0	0	16	4	0	0	143	47	0	0	0	0	0	2	29	7	0	0	0	0	0	1	1	0	0	0	0	1	1	0	44	15	0	0	143	31	0	13	143	56	0	0	52	13	1	85	143	19	0	0	1	0	2	13	8	0	0	0	0	0	1	0	4	4	1	19	143	43	0	50	16	1	0	74	143	24	8	143	33	0	0	8	9	1	24	35	2	0	0	0	0	0	3	0	74	73	26	46	29	1	0	49	2	11	45	143	28	0	3	143	0	0	2	15	1	0	19	21	0	0	0	0	0	0	5	
49	2	0	2	68	2	0	1	142	13	0	1	3	0	0	1	98	18	1	4	13	1	0	1	142	23	0	0	0	0	0	0	63	2	0	3	92	1	0	0	142	2	0	0	5	1	0	9	115	11	0	1	27	6	1	4	142	28	0	0	0	0	0	0	67	0	0	1	97	13	0	3	142	0	0	0	8	1	0	13	95	13	0	4	47	2	0	3	142	34	0	0	1	0	0	0	56	0	0	0	100	11	0	2	142	1	0	3	11	1	0	17	43	23	10	30	50	2	0	4	118	120	8	3	1	0	0	0	
81	7	0	2	77	2	0	0	174	13	0	0	17	0	0	0	120	3	0	0	0	0	0	2	2	0	0	0	0	0	0	0	108	1	0	0	92	5	0	3	174	8	0	0	22	1	0	9	155	2	0	0	0	0	0	6	2	0	0	0	0	0	0	0	102	1	0	3	97	7	0	8	174	12	0	1	24	1	0	12	152	3	0	0	0	0	0	6	1	0	0	0	0	0	0	0	76	1	0	9	76	0	0	5	174	2	0	2	14	0	0	23	108	0	0	0	0	0	0	8	0	0	0	0	0	0	0	0	
76	71	44	4	18	3	0	0	8	22	124	13	0	0	0	0	0	26	124	16	14	1	0	0	9	15	25	30	124	2	0	0	7	30	75	39	72	16	0	0	92	34	124	25	3	8	8	25	16	54	95	12	42	49	13	15	9	48	44	39	45	3	8	36	13	5	5	13	122	124	2	1	124	24	4	4	12	28	5	16	65	4	2	1	44	96	55	22	4	5	5	2	4	14	67	114	7	12	0	0	51	124	2	2	124	7	0	0	25	65	8	16	87	6	2	6	0	9	23	7	0	0	12	46	0	1	19	12	
4	2	42	117	46	6	3	7	71	4	2	24	36	15	13	42	37	1	3	39	79	42	10	26	22	12	9	6	20	25	52	117	8	3	19	72	40	11	16	50	117	32	14	50	33	5	2	10	70	16	3	32	99	27	1	19	93	98	34	18	8	4	12	89	8	1	1	33	106	117	11	10	117	8	3	39	58	25	3	42	33	24	30	99	64	8	3	7	22	78	52	13	2	3	15	20	3	0	0	0	117	117	3	3	73	3	1	3	65	74	9	25	12	5	7	23	45	49	47	27	21	6	45	25	1	1	22	52	
23	0	2	14	5	0	0	133	35	1	2	8	1	0	1	121	81	0	0	0	0	0	0	133	20	0	0	0	0	0	0	53	39	17	61	61	1	0	0	74	133	34	26	13	0	0	0	108	105	1	0	0	0	0	0	133	5	0	0	0	0	0	1	11	33	15	25	67	19	7	31	72	133	54	7	2	0	0	4	88	132	40	0	0	0	0	0	10	5	3	0	0	0	0	0	1	8	38	68	25	4	6	19	30	133	133	18	0	0	0	2	25	115	85	0	0	0	0	0	0	10	7	0	0	0	0	0	0	
0	0	2	1	0	0	16	21	0	1	17	8	0	0	2	4	0	11	18	2	1	0	0	0	0	2	1	19	112	0	0	0	0	0	58	75	0	0	0	0	7	16	120	120	4	5	2	1	95	99	85	19	3	1	0	2	15	8	0	27	120	0	0	0	33	2	66	113	15	3	17	49	37	8	36	57	51	105	61	43	120	52	18	7	17	20	3	22	25	8	13	50	120	0	0	1	120	1	1	11	35	4	5	70	47	3	0	0	113	120	36	38	45	65	36	3	28	49	96	5	3	13	49	57	41	16	65	3	
0	7	64	40	7	104	33	0	27	20	34	25	56	125	28	3	125	35	1	4	12	13	2	3	23	2	0	0	4	1	0	1	1	22	112	117	35	14	43	22	30	31	125	79	37	58	48	8	125	33	10	16	9	5	8	21	36	1	0	0	4	1	0	2	50	43	9	21	14	21	56	79	11	13	9	3	2	125	125	26	104	3	1	1	0	17	79	106	17	0	0	0	3	1	1	10	15	125	62	3	7	9	1	2	1	125	89	0	0	7	15	1	1	58	32	0	0	2	16	12	0	7	4	0	2	0	1	2	
0	0	0	0	132	17	0	0	9	18	0	0	36	5	14	9	73	132	0	0	0	4	12	3	46	132	0	0	0	0	0	0	5	0	0	1	132	19	0	3	73	2	0	0	41	21	50	80	30	58	0	0	20	129	51	18	75	132	0	0	5	14	0	0	12	1	12	59	132	3	0	0	132	36	10	10	35	6	4	16	24	27	33	16	55	109	5	5	34	108	1	0	28	82	0	0	7	1	35	68	20	1	47	12	88	8	4	11	19	8	24	50	28	50	24	17	42	25	3	6	26	30	1	0	19	96	2	2	
10	0	0	14	138	0	0	1	132	2	0	6	53	7	2	10	34	4	4	20	50	25	17	35	38	56	58	26	1	0	1	18	16	1	0	19	138	0	0	1	138	17	5	10	39	9	6	26	20	4	6	106	65	30	20	16	2	14	26	71	18	3	29	33	6	5	1	27	138	0	0	0	61	84	53	30	30	0	0	2	23	13	41	126	23	0	0	66	28	0	0	10	4	7	42	138	0	1	0	21	138	0	0	0	10	10	12	5	22	0	0	28	59	1	7	4	0	0	0	138	39	0	0	0	0	2	3	122	
19	19	10	11	10	4	29	77	23	8	7	82	122	10	1	23	131	26	4	27	25	5	0	1	23	6	11	32	31	36	2	0	4	29	22	5	5	117	58	3	26	8	24	53	120	86	13	3	131	6	0	11	41	14	2	8	30	7	11	36	129	3	1	2	0	0	0	0	1	105	45	0	11	1	1	8	85	131	33	4	131	27	0	2	52	58	5	13	27	9	2	5	107	44	20	7	0	0	0	0	3	4	1	0	1	0	0	0	125	93	2	0	58	48	2	1	70	98	21	2	16	35	24	7	5	23	17	3	
18	2	0	40	12	0	1	48	14	3	1	126	76	1	1	36	130	22	1	15	9	0	0	119	47	4	0	0	0	0	0	12	5	2	12	130	7	0	1	7	130	6	9	100	18	0	1	130	82	1	0	1	1	0	0	130	8	0	0	0	0	0	0	15	26	3	11	130	2	6	40	51	130	42	4	9	2	12	33	45	130	33	0	0	0	0	0	19	1	0	0	0	0	0	0	1	50	1	1	7	7	18	32	109	107	38	0	0	36	50	16	13	130	61	0	0	1	0	0	0	4	2	0	0	0	0	0	0	
9	4	1	9	97	18	1	1	123	71	3	12	75	5	0	28	123	40	0	0	0	0	0	21	3	0	0	0	0	0	0	0	11	2	1	64	123	0	0	6	123	29	1	27	67	1	1	78	123	15	0	0	0	0	0	49	1	0	0	0	0	0	0	1	6	5	2	123	117	0	2	11	123	123	4	29	18	2	16	35	93	123	0	0	0	1	1	3	4	17	0	0	0	0	0	0	47	7	1	78	77	0	3	26	82	27	0	2	3	39	44	62	46	123	0	0	2	41	7	1	19	97	0	0	0	0	0	0	
0	1	1	32	91	77	4	0	39	8	7	22	41	96	6	2	147	19	2	0	2	4	0	2	33	2	0	0	1	0	0	0	0	46	58	23	25	65	4	0	46	4	8	79	144	111	6	3	147	11	0	6	16	6	1	5	46	2	0	0	2	0	0	0	0	42	77	37	6	99	44	0	35	2	25	95	48	33	25	15	147	5	0	3	4	2	5	20	46	2	1	1	1	0	0	0	0	0	0	1	6	147	61	0	17	1	0	1	44	147	27	3	147	22	0	0	9	12	1	2	38	4	0	1	2	0	0	0	
0	10	35	5	1	1	82	14	2	7	7	51	45	6	66	25	24	3	1	41	68	21	37	38	59	33	1	0	22	28	22	16	26	46	82	21	3	21	10	8	38	43	23	116	69	1	1	2	116	35	7	46	50	11	4	25	111	2	0	5	108	26	3	13	15	4	3	9	6	116	71	24	34	6	5	69	61	115	54	28	116	9	1	25	48	8	12	74	116	2	0	36	99	0	0	21	4	12	15	10	13	58	31	6	13	0	1	33	89	103	33	22	51	0	0	43	61	8	6	55	112	0	0	33	46	0	0	55	
90	20	0	1	50	11	0	0	59	74	73	10	43	6	0	1	13	34	119	12	3	1	1	2	5	10	85	41	74	3	0	2	109	43	0	1	69	36	0	0	31	23	49	29	119	80	1	1	119	32	76	9	15	34	14	20	9	11	39	12	13	32	44	57	68	61	0	0	65	85	0	0	42	50	2	2	80	119	6	5	119	9	1	3	22	66	20	28	30	3	12	48	1	10	48	28	7	27	1	0	85	119	0	0	9	88	31	24	41	36	2	0	86	41	17	36	31	12	1	2	23	16	20	94	23	1	1	5	
12	48	30	12	23	15	8	4	10	36	111	60	24	4	3	6	4	2	136	28	3	0	28	37	0	0	136	10	0	0	85	11	37	64	2	2	12	25	21	10	33	7	4	21	124	36	13	18	136	2	3	3	14	3	52	136	14	0	1	0	0	4	136	38	16	68	28	9	38	88	0	1	56	28	48	69	57	6	0	1	136	21	1	4	6	0	1	11	59	5	0	0	0	1	18	10	0	1	6	2	73	136	0	0	53	8	15	9	23	50	0	1	136	44	6	0	0	0	0	0	43	23	38	0	0	0	0	0	
5	6	75	128	0	0	0	1	14	5	36	73	1	1	7	12	80	1	3	9	0	0	8	111	19	0	0	0	0	0	25	143	13	12	25	32	1	5	111	27	42	22	23	6	3	39	51	11	143	13	3	1	1	5	2	61	83	0	0	0	0	0	1	46	23	0	0	0	8	20	143	47	31	1	0	0	113	108	62	3	143	3	0	0	22	13	2	5	105	0	0	0	0	0	0	1	36	0	0	0	23	7	3	16	20	0	0	0	143	18	1	0	143	1	0	0	34	2	0	1	84	0	0	0	0	0	0	0	
0	0	0	94	55	0	0	0	36	3	2	141	86	3	2	7	151	5	1	7	5	1	1	12	36	2	1	0	0	0	0	0	0	1	1	52	123	87	3	0	48	10	10	37	55	106	6	3	151	16	2	0	2	4	1	4	45	2	0	0	1	0	0	0	0	42	49	21	29	78	4	0	51	4	6	70	140	128	5	4	151	5	0	5	14	7	0	7	45	1	0	0	2	0	0	1	0	39	67	34	6	67	26	0	34	2	20	84	44	19	16	13	151	1	0	3	4	1	4	20	32	1	1	1	1	0	0	0	
1	17	133	58	1	0	0	0	0	1	133	81	0	0	3	4	0	0	133	69	0	0	25	9	0	0	133	41	0	0	42	14	10	11	32	53	53	18	5	8	58	2	50	26	10	3	38	123	9	0	18	6	0	0	133	105	0	0	4	1	0	0	133	60	17	13	7	15	87	42	8	6	133	37	0	3	21	6	5	43	91	15	0	0	0	0	54	43	2	1	0	0	0	0	53	21	6	18	39	43	24	8	0	0	133	63	3	10	7	0	0	0	121	45	1	0	0	0	0	1	4	7	8	1	0	0	0	1	
4	0	0	37	143	0	0	1	143	0	0	9	52	0	0	30	138	1	0	0	0	0	0	21	13	2	3	2	0	0	0	1	10	1	0	43	143	0	0	1	143	37	4	7	46	0	0	28	104	41	39	0	0	0	0	20	4	9	51	3	0	0	0	0	3	4	0	35	143	17	2	0	58	127	39	5	35	14	20	1	12	104	143	1	0	4	9	0	0	36	143	1	0	1	0	0	2	2	15	61	77	25	7	2	12	11	10	3	7	25	88	16	1	9	37	14	24	53	66	4	0	9	63	6	21	15	5	3	
0	0	69	139	1	1	1	0	10	0	68	139	1	3	3	10	20	0	18	46	1	1	79	70	4	4	2	3	0	0	139	18	0	0	29	79	3	11	39	34	61	0	4	15	25	52	24	19	139	1	0	0	1	2	43	104	18	0	0	0	0	0	139	33	2	3	40	20	10	12	25	22	64	4	9	38	55	17	5	7	139	9	0	1	3	1	1	12	48	0	0	0	0	1	5	10	0	2	37	10	1	0	139	6	21	2	8	19	3	3	139	40	139	4	0	0	0	0	37	100	33	0	0	0	0	0	0	10	
3	0	0	39	14	0	0	12	3	3	3	117	56	0	1	2	117	53	4	32	11	0	2	25	92	37	0	0	0	0	0	21	2	0	0	117	62	0	0	1	45	4	2	117	45	2	29	77	79	59	1	4	5	49	71	52	111	117	0	0	2	8	1	1	5	1	0	117	69	1	8	17	117	15	1	22	11	2	17	98	67	10	0	0	29	105	17	31	78	114	0	0	24	52	0	0	1	0	0	33	19	2	56	107	18	0	1	1	0	0	52	117	12	1	7	1	16	31	3	29	21	33	1	0	49	70	0	0	
20	3	47	128	15	0	2	30	29	2	2	34	52	12	9	63	128	9	1	10	39	7	2	2	23	3	5	19	93	14	1	4	28	12	16	23	11	2	39	115	31	8	5	119	118	4	2	42	128	32	7	41	29	3	0	1	31	5	6	18	51	61	3	1	8	42	26	8	10	66	33	14	31	9	21	61	128	39	3	5	128	5	1	13	35	9	1	10	27	7	17	57	85	5	1	1	0	1	3	1	2	125	45	0	18	1	4	20	53	128	21	5	128	7	0	4	28	25	3	15	18	4	3	10	111	16	7	4	
2	0	0	5	135	3	0	3	9	0	0	0	7	7	27	41	13	31	0	0	2	48	30	6	77	135	0	0	1	5	0	0	22	0	0	1	135	4	0	6	135	3	0	0	8	18	38	103	16	3	0	1	55	135	49	26	35	88	0	0	25	57	0	0	32	1	0	0	135	6	0	1	135	27	5	8	9	4	1	11	37	17	23	46	81	82	2	4	4	12	2	2	57	127	0	0	22	1	0	0	135	10	0	1	135	19	2	7	17	3	0	2	30	22	20	35	45	21	3	4	16	13	4	3	31	71	3	6	
34	0	0	2	9	0	0	59	24	1	0	13	151	0	0	1	151	3	0	3	53	0	0	0	26	1	0	1	6	0	0	0	8	1	1	32	17	0	0	13	39	8	3	151	151	0	0	1	151	18	2	25	30	0	0	1	31	3	1	0	3	1	0	0	0	0	0	108	76	2	0	1	58	4	4	151	108	6	3	9	151	7	1	7	5	1	1	14	29	3	2	1	0	0	0	0	0	4	4	27	81	76	3	0	49	8	6	23	53	110	5	2	151	11	1	1	3	4	0	3	23	1	0	1	4	0	0	0	
0	0	14	139	4	2	3	1	52	3	9	137	8	10	9	26	124	5	1	7	1	0	72	139	6	0	0	0	16	36	125	45	14	12	17	87	4	3	13	12	75	8	2	14	20	17	36	27	139	32	0	0	1	0	7	54	44	2	0	0	36	27	8	10	9	7	3	3	1	0	139	79	11	1	1	4	3	2	139	124	97	2	0	0	0	0	69	139	25	0	0	0	16	13	1	17	0	0	0	0	0	0	104	31	0	0	0	0	0	0	83	29	1	0	0	0	0	0	24	27	1	0	0	0	5	3	0	6	
143	41	8	2	2	3	1	21	50	42	45	0	0	1	29	18	1	22	21	0	0	1	54	5	1	4	0	0	0	2	49	2	58	129	66	1	25	34	2	4	19	143	143	0	0	1	2	2	94	143	81	0	0	0	0	1	27	23	1	0	0	0	0	0	8	11	9	0	70	123	8	18	66	30	32	2	5	21	15	24	143	44	6	0	0	2	1	34	64	4	0	0	0	0	0	5	3	2	3	2	112	143	0	1	81	14	24	11	27	20	1	7	143	3	1	0	0	0	0	37	36	0	0	0	0	0	0	6	
0	0	0	76	63	0	0	0	44	0	0	119	102	0	0	56	123	0	0	4	4	0	0	123	14	0	0	0	2	3	0	18	4	1	0	123	123	0	0	1	123	5	0	64	51	0	0	114	113	1	0	0	0	0	0	102	3	0	0	0	0	0	0	3	11	5	1	123	114	3	4	1	123	77	1	16	10	2	3	16	122	34	0	0	0	0	0	8	2	1	0	0	0	0	0	0	7	0	1	47	45	8	10	10	123	41	0	3	11	8	6	2	123	30	0	0	0	0	0	0	4	0	0	0	0	0	0	0	
1	0	0	43	128	0	0	0	128	0	0	24	90	0	0	47	128	0	0	0	0	0	0	39	2	0	0	0	2	8	0	1	6	1	0	61	128	0	0	1	128	14	0	19	67	0	0	49	123	8	0	0	0	0	0	23	2	1	0	0	0	0	0	0	4	4	1	75	128	1	1	0	128	128	2	16	37	1	2	4	104	115	0	0	0	0	0	1	4	4	0	0	0	0	0	0	2	0	0	46	128	2	5	4	53	59	0	3	21	13	16	6	128	128	0	0	1	1	0	0	19	13	0	0	0	0	0	0	
0	0	6	123	63	1	1	0	22	14	98	123	16	2	7	16	19	19	123	13	1	3	8	16	2	13	92	7	0	10	12	1	7	2	0	59	123	9	3	3	72	8	3	19	41	24	46	55	15	10	54	29	41	103	29	22	46	38	38	5	4	17	30	111	7	1	3	93	123	16	8	5	123	22	1	6	35	19	15	20	46	11	0	17	100	62	10	28	110	39	13	7	9	12	19	123	16	3	9	70	34	4	4	28	64	58	10	25	35	6	3	4	42	29	4	18	54	44	1	2	27	75	58	14	7	5	1	3	
33	39	97	46	7	7	12	50	12	3	57	118	76	32	7	13	56	1	1	28	34	5	15	50	7	1	1	74	69	5	13	37	13	25	93	55	39	47	10	3	105	31	56	43	4	11	14	69	32	7	7	82	45	2	7	59	9	8	10	32	35	8	27	45	8	12	8	8	12	114	31	4	60	42	39	41	10	31	23	16	27	25	35	105	24	1	3	74	28	9	6	10	2	2	72	123	0	1	4	6	6	123	37	0	2	6	16	24	10	72	123	30	14	6	9	5	2	1	93	123	22	0	0	0	0	0	14	123	
3	5	9	4	125	64	0	1	125	9	17	8	13	4	0	56	125	0	0	0	0	0	0	74	6	0	0	0	0	0	0	4	6	0	0	0	125	109	1	4	125	6	0	0	36	26	1	77	125	3	0	0	0	0	0	48	1	0	0	0	0	0	3	2	3	0	0	0	125	96	0	1	125	66	0	0	75	45	0	7	125	47	0	0	0	0	0	4	2	0	0	0	0	0	2	1	0	0	0	0	103	54	0	0	94	52	0	0	113	61	0	0	125	75	0	0	0	0	0	0	7	2	0	0	1	0	0	1	
37	0	0	0	151	2	0	5	162	0	0	0	2	0	0	53	80	0	0	0	0	0	0	39	1	0	0	0	0	0	1	4	56	1	0	1	162	3	0	0	162	3	0	0	2	0	0	4	118	1	0	0	0	0	0	7	1	0	0	0	0	0	1	1	54	1	0	1	162	2	0	0	162	10	0	0	2	0	0	0	121	7	0	0	0	0	0	1	3	1	0	0	0	0	0	1	41	1	0	1	152	2	0	0	162	3	0	0	2	0	0	2	100	0	0	0	0	0	0	5	2	0	0	0	0	0	0	2	
24	96	16	3	51	33	0	0	23	113	89	1	3	0	0	1	1	73	113	0	0	0	0	0	1	42	33	0	0	0	0	0	36	22	5	2	113	59	1	3	113	79	28	4	29	14	6	19	24	65	92	44	25	10	8	10	106	112	42	7	1	0	0	15	25	20	0	1	89	76	4	13	113	13	1	17	51	40	8	42	44	5	5	75	63	6	13	108	113	6	2	5	1	0	3	113	44	32	1	1	38	27	1	6	26	18	19	14	52	26	2	7	113	10	9	9	12	1	4	109	30	1	0	0	0	0	1	75	
53	91	12	22	16	7	0	0	65	7	5	55	32	10	1	37	145	4	0	2	0	0	6	145	12	1	0	0	0	0	10	76	93	58	0	1	45	21	0	0	137	22	0	0	22	29	2	10	145	40	0	0	0	1	0	17	40	7	0	0	0	0	0	3	102	29	0	0	93	30	0	0	145	19	0	0	6	16	4	22	145	5	0	0	0	1	1	45	44	1	0	0	0	0	0	7	71	14	0	0	121	19	0	0	145	16	0	0	0	1	1	7	145	12	0	0	0	0	0	8	31	2	0	0	0	0	0	2	
4	4	1	1	139	38	6	0	29	47	7	2	32	6	15	17	23	50	42	8	3	3	12	23	24	32	27	15	2	3	6	38	4	1	0	1	139	21	0	3	82	24	5	1	58	9	42	96	13	27	28	0	0	93	130	30	10	110	38	0	0	71	31	6	11	1	0	0	139	17	0	1	139	19	0	0	65	5	7	25	86	5	0	0	0	65	62	16	0	8	3	0	0	139	56	0	5	0	0	0	139	21	0	0	139	22	0	0	62	8	0	0	103	10	0	0	0	1	1	0	1	0	0	0	0	34	4	0	
14	39	7	34	35	45	8	5	20	23	31	59	32	10	0	29	145	50	13	1	0	0	0	96	63	3	0	0	0	0	0	19	25	113	41	89	24	3	0	3	144	4	6	70	18	0	1	145	87	3	1	0	0	0	0	145	13	0	0	0	0	0	0	27	62	66	7	6	31	20	1	5	145	38	1	3	2	0	1	41	145	22	0	0	0	0	0	26	3	0	0	0	0	0	0	2	73	27	0	0	73	36	0	2	145	21	0	0	0	0	0	14	145	9	0	0	0	0	0	3	3	0	0	0	0	0	0	0	
5	21	17	14	16	13	5	0	113	112	39	11	3	0	0	10	109	39	0	0	0	0	0	9	3	0	0	0	0	0	0	0	10	8	15	31	120	38	13	1	134	45	7	16	33	1	0	51	134	31	0	0	0	0	0	31	2	2	0	0	0	0	0	0	6	60	91	40	61	9	3	1	134	134	5	6	21	2	1	4	91	134	0	0	0	0	0	1	11	23	0	0	0	0	0	0	0	41	24	1	1	134	25	0	30	131	7	0	1	24	2	1	98	134	0	0	0	0	0	0	28	104	0	0	0	0	0	0	
1	0	0	38	124	0	0	0	124	0	0	18	68	0	0	36	102	1	1	35	3	0	0	26	1	0	0	124	19	0	0	4	6	1	0	48	124	0	0	0	124	25	6	20	52	0	0	26	66	12	14	124	15	0	0	11	7	0	0	124	16	0	0	63	3	3	0	13	124	84	1	0	56	84	41	13	30	62	3	1	34	29	58	103	4	2	0	31	46	2	0	15	2	0	0	113	0	0	0	0	12	108	6	0	2	5	6	0	2	124	26	1	41	40	7	1	1	64	11	9	78	62	1	0	0	1	0	15	
4	1	0	1	71	70	65	37	67	20	0	0	35	18	15	35	41	95	34	0	0	3	22	32	9	83	69	0	0	0	1	2	5	0	0	11	125	18	6	7	125	11	3	7	102	6	11	40	39	12	12	27	29	22	32	25	50	27	7	6	3	1	1	19	5	1	0	74	125	0	0	0	125	57	29	28	69	0	0	12	25	27	72	53	9	1	34	62	73	10	7	5	1	0	28	115	9	0	0	104	125	0	0	9	61	6	3	12	17	0	1	125	35	2	4	1	0	0	63	125	5	0	0	0	0	0	66	93	
2	101	16	3	15	1	0	0	25	6	6	14	143	0	0	0	143	1	0	1	53	0	0	3	37	0	0	13	9	0	0	0	0	133	60	8	11	56	9	0	40	35	70	107	117	9	2	1	143	2	1	16	29	1	0	10	42	0	0	13	72	0	0	1	0	4	6	17	42	67	51	14	40	6	15	40	56	49	8	5	143	53	20	4	5	5	1	8	27	14	56	27	67	0	0	0	0	0	0	1	75	70	39	49	7	4	2	6	74	78	77	6	38	63	42	0	1	9	103	8	1	12	104	27	6	1	75	3	
1	2	99	144	57	3	1	1	69	12	18	58	109	1	0	2	144	33	0	0	11	0	0	0	18	2	0	0	0	0	0	1	4	2	66	72	27	28	20	10	72	13	23	54	35	3	32	27	144	31	0	6	6	0	6	35	34	2	0	0	0	0	1	4	65	2	15	26	73	6	50	93	32	1	8	12	2	3	144	120	109	1	0	1	0	0	88	144	15	0	0	0	0	1	2	10	144	20	0	0	67	7	4	20	84	14	14	2	0	0	44	24	0	0	32	4	0	0	22	11	0	0	32	2	0	0	2	1	
5	76	38	3	0	2	1	0	8	141	21	2	0	0	0	0	14	109	4	0	0	0	0	0	3	6	0	0	0	0	0	0	19	41	14	15	15	22	10	2	43	111	61	87	3	0	0	1	141	141	19	8	0	0	0	4	31	11	0	0	0	0	0	1	2	3	5	23	48	34	70	4	120	19	13	83	92	12	3	11	141	34	4	4	0	0	0	48	39	4	1	0	0	0	0	7	0	18	43	11	93	33	28	1	77	33	3	8	141	29	2	2	141	141	8	0	1	1	1	6	10	87	11	0	0	0	0	0	
0	0	18	60	7	0	0	0	0	0	119	107	2	1	0	0	0	34	119	60	3	2	0	0	0	65	119	18	0	0	0	0	2	1	43	119	41	0	0	0	65	10	66	119	19	17	15	29	14	29	56	29	65	102	19	18	14	87	57	5	6	11	14	26	4	1	36	79	28	34	26	8	119	12	2	16	18	23	7	74	51	2	0	0	119	101	8	29	68	13	1	0	17	35	41	59	0	0	0	43	23	11	15	69	22	0	1	1	6	6	6	119	11	3	1	1	112	52	2	17	51	85	6	3	46	16	2	2	
22	65	21	31	51	5	1	0	123	2	5	27	62	7	1	30	72	3	28	46	1	1	2	17	0	0	70	68	0	1	5	4	15	30	50	40	30	38	7	1	124	23	22	42	17	2	0	19	45	9	33	124	71	1	1	8	37	25	50	49	3	0	8	35	11	1	1	3	38	124	67	4	95	41	19	22	11	41	113	15	10	10	15	69	58	10	94	87	14	15	7	2	3	11	124	87	0	0	0	0	1	84	69	0	1	0	0	0	0	46	124	2	0	0	0	1	1	10	124	79	0	0	0	0	0	5	74	59	
2	23	14	21	111	3	0	0	29	35	10	7	45	12	5	3	43	39	20	19	2	4	7	7	2	3	26	80	11	13	10	11	7	37	29	110	133	3	0	0	129	116	19	11	11	7	23	18	31	12	11	15	3	36	118	22	0	0	8	25	3	8	126	72	13	4	14	77	64	28	54	17	133	25	3	3	7	5	27	92	89	14	22	0	0	6	49	23	0	3	26	1	0	2	42	19	0	0	65	28	2	20	93	11	36	14	133	22	0	3	34	50	15	20	133	5	0	0	0	3	0	20	133	0	0	0	0	0	
0	0	19	52	17	0	0	0	0	0	124	67	4	0	1	1	0	9	124	18	1	1	1	0	3	92	92	1	0	0	0	0	0	0	6	49	124	10	0	1	27	0	71	57	70	19	33	62	5	13	95	14	40	110	42	17	13	124	61	2	9	16	23	7	2	0	0	0	124	25	0	1	124	8	0	0	97	22	6	24	39	2	0	0	27	124	58	9	3	7	3	0	4	32	124	22	1	0	0	0	124	18	0	0	116	16	0	0	93	12	0	0	49	9	9	15	1	6	9	1	0	0	49	17	0	2	21	1	
1	98	60	2	8	20	2	0	15	107	27	0	0	4	5	0	5	9	0	41	24	5	16	2	21	0	0	66	46	0	2	46	17	26	14	3	116	84	5	5	116	97	17	10	5	5	2	19	35	13	9	116	46	0	0	17	74	0	0	40	18	0	0	116	7	1	0	0	41	116	52	3	52	51	40	11	1	113	67	10	55	13	48	65	10	9	22	116	74	0	0	3	1	0	0	116	0	0	0	0	0	58	24	0	0	0	1	0	0	116	111	4	15	0	2	0	0	22	99	116	14	0	0	0	0	0	1	48	
4	2	0	0	79	14	3	1	17	50	39	0	0	1	24	9	1	20	137	8	0	0	56	5	0	0	133	11	0	0	52	3	18	3	1	7	107	11	3	7	91	5	3	1	0	1	91	119	7	2	17	2	0	0	137	46	0	2	16	0	0	0	137	16	45	6	1	5	135	9	0	1	137	33	9	10	4	1	5	23	24	19	87	42	8	3	28	17	6	20	72	2	0	0	39	26	35	1	0	13	106	3	0	1	137	6	0	3	6	8	3	11	29	3	5	10	14	26	29	85	12	3	2	0	0	0	61	137	
28	0	0	13	136	0	0	2	136	0	0	2	11	0	0	22	60	12	3	28	63	0	0	4	100	98	4	5	5	0	0	1	44	1	5	50	136	0	0	3	136	27	6	3	15	1	0	21	37	15	20	24	94	31	6	4	35	104	11	5	9	11	13	20	26	8	18	39	16	0	1	3	95	116	90	3	2	1	0	2	6	39	136	12	13	12	4	1	7	39	136	1	1	5	9	13	2	1	1	0	0	7	119	8	2	6	20	3	1	21	119	3	0	5	58	2	0	14	116	0	0	9	57	0	0	19	56	0	
2	27	3	4	73	6	0	0	0	1	4	36	120	6	0	0	21	14	7	23	11	1	7	9	5	6	4	17	14	12	20	10	1	120	99	36	35	1	0	0	11	17	41	120	120	4	2	2	120	41	15	22	9	1	16	34	13	4	11	5	2	5	78	47	34	120	67	14	2	4	11	51	17	13	50	72	29	18	40	29	110	37	115	23	4	4	16	35	13	16	120	17	0	0	7	8	11	12	62	28	0	2	13	52	2	1	93	79	1	1	33	33	1	3	106	42	1	1	104	25	0	1	102	13	0	0	120	10	
0	0	70	123	0	0	4	22	3	1	17	84	3	0	7	123	2	1	5	38	50	13	18	99	1	15	21	38	34	35	51	2	0	0	17	27	3	9	107	123	9	5	20	27	56	44	51	104	108	16	24	23	20	15	49	82	23	4	0	1	6	75	123	49	1	2	7	40	12	12	74	88	7	1	7	36	106	108	25	11	123	43	1	2	11	31	22	49	94	81	0	0	0	10	34	18	7	21	28	80	1	0	1	3	12	4	12	32	14	21	9	11	53	13	1	4	7	15	6	13	91	69	0	0	0	0	0	2	
139	1	0	1	29	2	0	7	70	0	0	0	48	55	14	38	64	0	0	0	3	8	77	139	5	0	0	0	0	1	139	37	139	0	0	1	33	1	0	13	135	3	0	0	54	15	2	17	139	15	0	0	5	2	2	32	27	1	0	0	0	0	7	6	139	0	0	1	30	0	0	8	135	1	0	2	61	4	1	7	139	3	0	0	5	1	0	8	34	0	0	0	0	0	0	1	139	0	0	0	23	0	0	4	109	0	0	1	52	2	0	4	139	0	0	0	4	0	0	7	24	0	0	0	0	0	0	1	
0	0	63	99	0	0	1	0	6	72	125	69	2	4	2	0	31	122	20	0	0	0	0	0	2	3	0	0	0	0	0	0	6	6	52	85	9	7	29	39	31	60	30	52	95	36	23	10	125	125	6	7	8	2	0	12	33	12	0	0	0	0	0	1	28	125	34	1	16	11	8	20	43	31	2	11	125	110	7	15	125	73	1	2	12	24	3	37	49	23	0	0	0	0	0	3	39	83	7	0	1	63	51	6	23	83	19	4	35	54	7	2	79	125	10	8	29	30	0	1	31	121	22	0	0	0	0	0	
33	111	30	42	42	10	8	5	124	124	12	1	0	0	0	1	13	46	5	0	0	0	0	0	0	2	0	0	0	0	0	0	59	12	2	50	39	34	55	28	124	124	19	0	1	3	4	12	106	124	14	0	0	0	0	7	13	6	0	0	0	0	0	1	15	6	1	6	120	58	38	44	124	46	3	4	32	7	2	107	124	15	0	0	0	0	0	124	13	0	0	0	0	0	0	6	30	0	0	37	124	3	1	18	124	1	0	5	29	1	0	124	42	0	0	0	0	0	0	72	1	0	0	0	0	0	0	2	
2	0	0	34	133	0	0	1	118	0	0	9	47	0	8	60	45	0	0	0	0	9	96	47	2	0	0	0	0	7	88	24	7	1	0	30	133	0	0	1	133	25	3	7	40	0	0	23	77	24	34	0	0	0	3	11	0	4	32	0	0	1	6	0	3	3	0	14	133	48	10	0	65	100	33	4	27	23	42	2	11	70	133	0	0	4	23	0	0	29	133	0	0	1	9	0	0	0	0	0	23	94	66	0	1	4	4	0	2	60	133	1	0	5	24	0	0	37	133	0	0	6	31	0	0	25	133	0	
0	0	21	44	92	52	2	0	8	5	43	39	18	20	15	8	15	17	31	52	8	2	31	7	23	63	50	17	3	1	39	6	2	0	0	11	140	24	1	3	48	1	10	18	51	9	69	117	8	0	7	8	1	2	140	74	0	3	4	2	0	1	140	29	8	1	0	0	140	36	0	1	140	22	0	0	55	8	8	41	78	8	1	0	0	0	58	32	0	0	3	0	0	0	50	6	2	0	0	0	140	32	0	0	140	72	11	2	60	8	0	0	53	49	104	6	0	0	0	0	0	0	126	15	0	0	0	0	
9	10	38	56	22	36	5	2	141	1	1	16	10	5	1	38	110	0	0	0	1	0	0	15	1	0	0	10	69	0	0	0	19	9	22	18	45	33	3	5	141	33	5	1	14	8	1	31	94	30	50	1	0	0	0	8	0	2	30	33	91	0	0	0	11	5	1	2	43	43	38	28	83	108	43	1	9	25	63	5	12	73	141	0	0	4	42	0	0	9	141	68	22	4	26	0	0	0	0	0	6	43	135	27	1	2	2	0	0	35	141	2	0	3	17	0	0	15	141	0	0	1	16	4	1	16	141	0	
14	0	1	20	1	0	0	129	6	1	12	48	1	0	0	129	20	2	8	53	2	0	0	83	10	0	0	4	0	0	0	129	67	109	10	14	7	0	0	70	24	24	20	77	36	12	6	18	129	16	8	10	1	2	3	84	55	7	0	0	0	0	0	78	4	129	10	1	3	20	1	0	29	129	5	3	11	16	23	16	129	69	0	0	0	2	15	38	56	78	0	0	0	0	0	1	1	22	0	0	24	127	1	0	21	129	0	0	4	7	0	2	61	129	0	0	0	0	0	5	27	106	1	0	0	0	0	0	
0	0	41	91	60	0	0	0	0	1	140	44	4	0	4	4	0	0	140	24	0	0	23	4	0	0	134	13	0	0	30	3	4	0	5	22	140	14	1	4	50	1	29	13	31	4	50	112	8	0	20	2	0	0	140	71	0	0	9	1	1	4	140	23	13	1	0	0	140	22	0	1	140	21	0	0	38	4	5	34	73	9	0	0	0	0	43	28	0	0	0	0	7	4	39	4	6	1	0	0	140	22	0	0	140	27	0	0	39	5	0	0	90	17	0	0	0	0	0	0	1	0	0	1	6	1	0	0	
3	0	0	33	133	0	0	1	133	0	0	8	39	0	0	40	92	0	0	0	0	1	8	27	0	0	0	0	0	5	20	1	11	1	0	35	133	0	0	1	133	31	4	7	31	0	0	29	78	28	43	0	0	0	0	10	0	5	40	0	0	0	0	0	5	4	0	20	133	46	15	0	65	108	41	4	17	19	43	2	10	78	133	0	0	4	19	0	0	33	133	0	0	1	6	0	0	0	0	0	17	90	90	0	1	4	4	0	1	63	133	1	0	7	25	0	0	46	133	0	0	7	36	0	0	29	133	0	
0	0	10	43	79	53	18	0	1	1	67	32	5	13	45	9	7	1	52	46	14	2	35	17	111	10	3	25	16	1	16	24	6	0	4	31	147	9	0	4	75	2	29	17	32	3	67	113	10	0	15	8	0	2	147	59	29	0	0	3	0	1	147	94	15	1	0	0	147	18	0	1	147	22	0	0	44	5	7	32	85	6	0	0	0	0	63	26	0	0	0	0	0	1	48	9	7	1	0	0	147	21	0	0	147	36	1	0	44	5	0	0	88	22	20	2	0	0	0	0	0	0	34	6	0	0	0	0	
7	17	71	2	10	41	24	1	147	72	32	0	3	7	0	14	86	11	0	0	0	0	0	6	1	0	0	1	20	0	0	1	34	19	5	4	68	25	7	7	147	34	8	1	25	6	0	30	88	28	59	0	0	0	0	8	1	4	50	7	20	0	0	0	34	5	0	3	74	36	13	24	75	115	70	2	25	18	41	2	10	64	147	0	0	3	33	0	0	18	147	12	2	2	19	0	5	0	0	0	7	60	110	36	0	4	6	0	2	54	147	0	0	3	25	0	0	26	147	0	0	2	28	1	0	13	147	0	
0	0	49	85	45	0	0	0	1	2	134	43	2	0	4	6	0	1	134	36	0	0	31	9	0	0	119	21	0	0	46	8	6	0	10	71	134	2	0	3	85	3	40	18	25	1	33	124	16	1	18	3	0	0	134	110	0	0	6	1	0	1	134	39	12	1	4	32	122	20	3	1	134	28	0	2	30	4	3	31	109	12	0	0	0	0	31	33	1	0	0	0	1	1	29	6	6	2	31	55	30	14	11	0	134	41	1	9	10	3	0	0	126	21	0	0	0	0	0	0	2	0	0	0	1	0	0	0	
0	0	10	35	68	48	29	0	3	1	59	36	13	17	47	11	20	7	65	48	8	1	39	16	13	36	23	41	13	1	43	3	5	0	2	20	151	16	1	5	66	1	24	18	47	6	86	127	8	0	15	6	0	1	151	65	0	1	2	3	0	1	151	25	15	1	0	0	151	23	0	1	151	23	0	0	58	5	10	40	78	5	0	0	0	0	66	27	0	0	0	0	0	0	56	5	8	1	0	0	151	25	0	0	151	35	1	0	56	7	0	0	83	19	15	1	0	0	0	0	0	0	24	2	0	0	0	0	
14	3	22	25	24	63	16	3	151	0	0	4	6	7	1	32	104	0	0	0	0	0	0	10	1	0	0	1	9	0	0	0	36	20	20	11	73	23	3	6	151	31	6	1	24	4	0	25	91	25	53	0	0	0	0	7	0	3	44	6	11	0	0	0	36	5	0	2	61	40	23	29	95	120	60	1	20	19	59	3	13	67	151	0	0	4	43	0	0	18	151	11	2	2	26	0	11	0	0	0	4	42	88	38	1	4	5	0	1	32	151	2	0	3	25	0	0	18	151	2	0	2	28	1	0	9	151	1	
5	88	73	1	9	31	8	0	13	121	121	7	0	0	0	0	83	121	80	4	0	0	0	5	38	22	1	0	0	0	0	2	20	9	3	30	109	47	6	8	72	28	26	26	11	4	1	12	121	51	13	7	1	0	0	44	67	26	11	0	0	0	0	11	22	18	3	46	87	27	12	3	49	36	11	3	10	18	13	13	121	121	32	0	0	1	3	13	10	119	108	0	0	0	0	0	2	5	0	1	14	116	99	0	2	24	13	0	0	81	115	1	5	72	47	0	0	36	53	1	0	74	85	0	0	8	11	0	
41	0	0	31	8	0	0	129	35	0	2	23	4	0	0	124	53	0	0	7	1	0	0	129	19	0	0	0	0	0	0	75	49	8	10	37	7	0	0	125	129	14	11	24	3	0	0	107	89	5	0	0	0	0	0	129	5	1	0	0	0	0	0	12	26	118	37	23	13	2	3	14	129	91	3	5	4	1	3	29	82	117	1	0	0	0	0	8	2	19	1	0	0	0	0	0	4	129	19	0	6	49	4	1	59	129	10	0	0	0	0	6	35	129	7	0	0	0	0	1	15	78	4	0	0	0	0	0	
3	83	128	12	1	2	0	0	100	128	107	14	0	0	0	6	77	45	7	4	0	0	0	5	0	2	25	7	0	0	0	0	40	42	31	23	35	13	3	8	128	50	29	18	2	3	2	33	128	22	64	101	0	0	0	15	0	13	128	71	0	0	0	0	53	40	2	14	26	11	27	25	128	81	54	9	4	7	30	41	34	46	128	79	1	1	9	29	6	14	51	26	3	5	5	9	25	30	2	3	5	43	71	68	16	96	21	2	5	71	19	12	48	80	10	2	2	17	29	71	5	7	4	15	22	39	12	9	
0	8	13	13	20	115	32	0	34	115	17	13	7	33	77	5	122	123	7	1	2	4	4	1	17	7	0	0	0	0	0	0	0	0	123	38	5	43	40	3	27	13	113	93	20	41	56	14	123	65	13	16	6	5	3	37	51	7	0	0	0	0	0	3	1	1	36	53	31	37	92	32	45	4	28	36	37	50	28	95	123	17	3	2	0	0	3	123	33	1	0	0	0	0	0	11	2	1	17	123	10	1	31	49	39	3	2	21	7	1	75	113	100	11	0	0	0	0	15	92	14	1	0	0	0	0	0	5	
5	106	88	11	10	6	6	8	7	120	106	0	0	2	7	6	8	101	2	0	0	0	0	0	1	2	0	0	0	0	0	0	1	6	17	38	11	23	114	64	25	117	21	85	42	22	40	30	120	120	6	7	2	0	0	6	21	19	0	0	0	0	0	0	1	0	18	120	6	9	39	28	40	7	5	109	33	46	53	36	120	113	2	4	2	3	4	30	52	64	0	0	0	0	0	2	52	3	13	41	10	3	13	98	18	5	1	33	103	30	25	42	86	29	1	4	8	2	3	117	58	11	0	0	0	0	1	47	
14	80	101	38	3	0	0	0	104	127	91	28	2	0	0	6	65	38	1	0	0	0	0	3	0	1	0	0	0	0	0	0	70	22	8	53	35	2	0	11	127	47	7	25	11	0	0	43	119	31	20	0	0	0	0	17	0	6	12	0	0	0	0	0	44	24	14	11	30	35	15	12	127	123	26	3	5	9	17	25	30	127	127	0	0	0	0	1	0	62	127	0	0	0	0	0	4	37	41	0	0	35	78	2	10	62	88	0	0	20	50	8	3	75	127	0	0	6	16	0	0	52	118	0	0	1	2	0	
1	2	0	2	91	77	0	0	29	32	16	3	78	92	1	11	40	13	33	18	0	1	23	101	2	0	3	5	0	0	74	120	9	19	21	36	44	35	0	0	37	7	6	52	120	91	3	11	120	18	0	1	11	3	5	83	61	5	0	0	0	0	20	76	5	35	100	85	3	0	17	27	8	1	20	77	34	3	79	120	119	5	0	1	4	1	48	120	59	5	0	0	0	0	1	32	1	4	8	2	0	0	80	118	0	0	0	0	0	0	86	120	1	0	0	0	0	0	42	83	1	0	0	0	0	0	3	15	
28	66	22	1	16	1	0	0	33	7	1	4	145	17	0	0	145	33	0	1	30	3	0	0	44	5	0	0	0	0	0	0	76	122	64	11	4	1	8	2	30	17	73	112	101	5	12	9	145	33	2	17	22	1	3	28	72	6	0	0	0	0	0	2	5	25	29	2	0	3	145	20	8	3	33	27	1	1	145	79	119	2	1	4	0	0	84	145	38	0	0	0	0	0	0	19	0	0	0	0	0	0	116	8	0	0	0	0	0	0	111	21	1	0	0	0	0	0	38	31	1	0	0	0	0	0	1	5	
0	19	103	0	0	0	0	0	0	20	94	0	0	0	0	0	0	23	35	0	0	0	0	0	1	5	1	0	0	0	0	0	0	36	140	0	0	18	78	0	5	80	140	3	6	33	29	0	95	140	104	1	2	3	0	1	38	25	1	0	0	0	0	0	0	0	20	12	4	38	133	0	26	9	21	29	117	105	52	5	140	37	6	3	24	12	1	36	87	4	0	0	0	0	0	8	0	0	93	88	28	1	1	0	45	2	85	92	48	2	1	13	140	1	1	8	9	0	0	61	48	0	0	0	0	0	0	10	
13	63	14	2	10	32	23	1	48	60	2	1	6	48	9	3	50	117	2	0	16	43	1	1	95	96	0	0	0	0	0	0	23	18	7	47	111	27	12	3	123	60	4	14	33	18	2	15	90	21	0	14	112	35	1	9	123	37	0	0	3	0	0	16	23	5	38	48	52	8	9	61	123	8	3	39	27	3	4	104	87	2	2	65	66	0	1	80	123	0	0	0	1	0	0	98	7	3	6	8	3	4	63	95	8	0	0	39	24	1	6	85	40	0	0	12	12	1	4	123	48	0	0	0	0	0	0	78	
0	0	8	6	43	6	4	0	28	3	1	8	131	20	0	0	131	25	0	0	19	2	0	0	117	23	0	0	0	0	0	0	0	1	131	49	13	0	0	0	32	6	64	130	111	2	1	4	131	22	2	9	13	0	0	6	131	15	0	0	0	0	0	1	3	3	104	13	5	5	24	33	27	13	42	34	4	2	28	34	131	55	2	2	0	0	2	35	131	13	0	0	0	0	0	8	15	0	1	3	19	24	22	40	9	11	7	4	10	10	112	79	48	32	1	0	0	0	116	111	87	6	0	0	0	0	9	66	
57	17	9	38	73	0	0	9	47	13	26	123	1	0	1	34	1	0	0	72	2	0	4	137	0	0	0	1	0	0	11	137	19	32	24	20	77	86	1	2	133	24	27	27	1	6	1	137	49	2	0	2	0	0	0	137	1	0	0	0	0	0	0	54	10	18	15	23	73	137	3	7	137	30	0	3	20	27	3	84	137	17	0	0	0	0	0	42	3	0	0	0	0	0	0	2	13	30	42	30	17	2	4	89	54	0	0	4	7	2	2	137	34	0	0	0	0	0	0	56	1	0	0	0	0	0	0	1	
43	47	4	37	77	0	0	0	132	0	0	27	79	0	0	62	132	0	0	0	0	0	0	60	5	0	0	0	0	0	0	2	30	70	39	52	50	9	0	1	132	49	7	28	29	0	0	49	132	44	0	0	0	0	0	29	2	3	0	0	0	0	0	0	5	18	33	14	28	119	76	1	118	132	9	6	3	39	42	6	132	132	0	0	0	1	0	4	20	10	0	0	0	0	0	1	0	17	74	11	10	69	62	0	71	16	18	30	54	75	33	17	132	21	0	0	2	2	1	45	28	1	0	0	0	0	0	5	
0	0	5	1	9	18	124	8	33	6	4	2	111	85	33	1	139	31	1	0	14	6	0	1	66	7	0	0	0	0	0	0	0	0	98	60	16	3	6	1	36	3	50	95	139	9	1	2	139	11	1	8	23	1	0	5	98	3	0	0	0	0	0	0	2	1	80	76	79	4	2	7	41	4	56	53	7	1	11	32	139	14	1	4	1	0	3	43	96	2	0	0	0	0	0	4	14	0	0	1	103	11	5	22	32	1	0	0	1	1	72	127	83	6	0	0	0	0	64	139	35	1	0	0	0	0	1	23	
13	59	15	0	1	37	13	2	29	131	14	0	4	31	2	0	71	131	1	0	0	0	0	0	6	6	1	0	0	0	0	0	120	92	3	9	24	28	4	5	87	53	0	4	87	70	3	5	131	104	0	0	7	1	0	6	35	8	0	0	0	0	0	2	131	26	4	19	36	7	4	61	108	10	2	59	107	6	0	42	131	6	0	2	7	0	0	94	38	1	0	0	0	0	0	8	29	1	1	21	18	1	6	93	53	1	0	27	29	2	2	131	104	0	0	0	0	0	0	127	13	0	0	0	0	0	0	4	
0	40	78	0	0	0	0	0	0	30	60	0	0	0	0	0	1	20	17	0	0	0	0	0	0	1	0	0	0	0	0	0	8	133	133	2	0	3	2	0	18	115	133	68	3	0	0	0	110	133	70	7	0	0	0	3	15	9	0	0	0	0	0	0	69	48	29	11	48	38	7	13	132	45	27	91	41	0	0	11	133	59	11	7	1	0	0	39	28	10	11	0	0	0	0	3	60	16	2	24	71	9	1	12	80	24	8	16	35	30	18	14	133	133	47	0	0	1	5	13	4	55	124	0	0	0	0	0	
0	35	105	0	0	0	0	0	0	45	90	0	0	0	0	0	1	32	25	0	0	0	0	0	1	2	0	0	0	0	0	0	1	70	134	4	1	1	0	0	16	97	134	72	10	0	0	0	134	134	60	8	1	0	0	6	21	9	2	3	0	0	0	1	43	61	66	8	38	33	5	4	122	48	27	96	38	0	0	5	134	38	6	14	2	0	0	36	28	3	15	82	1	0	0	4	54	5	0	17	89	12	2	10	99	14	2	19	38	27	33	19	134	88	44	26	1	2	10	12	9	14	62	119	1	0	0	2	
